0.7661359399292322
0.927434370595553
0.7336360794674317
0.9565106446613612
0.8119692827116699
0.1479732690030305
0.8077801066335344
0.9118359367112513
0.8205579169214969
0.9874928461218745
0.9591693927969781
0.944730287694832
0.889685329791077
0.9837912408004916
0.8229773693090215
0.8433855924888287
1
0.9245984759991092
0.7680788690028872
0.8245666931382422
0.5505678750611311
1
0.9332900737722729
0.9873403259249639
0.1280085578097899
0.9606596028923922
0.707739569518206
0.9513989439026365
0.823337018133447
0.957475304665936
0.9565736122365585
0.9408119140781229
0.8995390315993586
0.9308474435873949
0.8728308051072947
0.9214284539190805
0.8985789291265269
0.9029873348523804
0.7163198641637082
0.8761332838577205
0.5071706529901152
0.9349316724414093
0.7416800432655634
0.06638131296685044
0.8792334968249484
0.3656996394105966
0.9280265486983695
0.968118636554079
0.8808552390194928
0.8651616332623788
0.8125991869613607
0.9012724915804857
0.9460476830177947
0.8586453270959314
0.9451025009225031
0.9960538436574103
0.0119644374340379
0.9888784568208926
0.9653307511626588
1
0.7209413764911115
0.6203215890890389
0.9672816270307549
0.7949073332789436
0.9825832230927207
0.9024272553044527
0.7397617166042267
0.3385585234460661
0.8065816008467078
0.8779417708815481
0.6915000988783394
0.9030663191992011
0.3405615343195106
0.7074607531933012
0.01895288126895022
0.9008536550125702
0.9686087904396936
0.8148859075861784
0.3156091438638919
0.9023158705041157
0.8087615148693545
0.7610731049775725
0.9269473443620375
0.7635170743177875
0.5568028930799617
0.7880706207628777
0.437069314705347
0.8434101721487066
0.8815379231648889
0.7700896809293541
0.7151750857880625
0.9353765252832527
0.9163372149372544
0.9589200879529286
0.8759460287010317
0.7830306855178094
0.7812860374775199
0.5511686251321866
0.8671342039263328
0.1918564863960305
