0.7685427135678392
0.931356783919598
0.7339698492462312
0.9567839195979899
0.8318592964824121
0.3517587939698493
0.8381909547738694
0.9250251256281407
0.8355778894472362
0.987537688442211
0.96
0.9781909547738693
0.892964824120603
0.9852261306532664
0.8900502512562815
0.8434170854271357
1
0.9272361809045226
0.8098492462311557
0.8301507537688442
0.66
1
0.938894472361809
0.9920603015075377
0.2068341708542714
0.9607035175879397
0.7180904522613065
0.9574874371859297
0.8518592964824121
0.9577889447236181
0.9659296482412061
0.9498492462311557
0.9377889447236181
0.9308542713567839
0.8742713567839197
0.9602010050251256
0.9025125628140703
0.9051256281407035
0.7161809045226131
0.9244221105527638
0.668643216080402
0.9369849246231156
0.7884422110552763
0.267035175879397
0.937286432160804
0.5635175879396985
0.9284422110552764
0.9761809045226131
0.8808040201005025
0.8671356783919598
0.8135678391959799
0.9040201005025126
0.9541708542713568
0.8715577889447236
0.9504522613065327
0.9989949748743718
-0.1008040201005025
0.9937688442211056
0.9801005025125629
1
0.797286432160804
0.6190954773869347
0.9806030150753768
0.8370854271356784
0.9827135678391959
0.911356783919598
0.7420100502512563
0.6465326633165829
0.831356783919598
0.8920603015075377
0.6991959798994974
0.9075376884422111
0.3727638190954774
0.7181909547738693
-0.2971859296482412
0.9025125628140703
0.9762814070351759
0.8290452261306532
0.4505527638190955
0.9024120603015076
0.8305527638190955
0.7873366834170854
0.9269346733668342
0.814572864321608
0.6344723618090452
0.7954773869346734
0.44
0.8877386934673367
0.8912562814070352
0.8105527638190955
0.7408040201005025
0.9387939698492462
0.9418090452261306
0.9591959798994975
0.8762814070351759
0.8185929648241206
0.7869346733668342
0.6274371859296483
0.8732663316582915
0.1774874371859297
