0.1157286432160804
0.03432160804020101
0.1330150753768844
0.02160804020100502
0.08407035175879397
0.3241206030150754
0.08090452261306533
0.03748743718592965
0.08221105527638191
0.006231155778894473
0.02
0.01090452261306533
0.05351758793969849
0.007386934673366834
0.05497487437185929
0.07829145728643216
0
0.03638190954773869
0.09507537688442211
0.08492462311557789
0.17
0
0.03055276381909548
0.003969849246231155
0.3965829145728643
0.01964824120603015
0.1409547738693467
0.02125628140703517
0.07407035175879396
0.02110552763819095
0.01703517587939699
0.02507537688442211
0.03110552763819096
0.03457286432160804
0.0628643216080402
0.01989949748743719
0.04874371859296482
0.04743718592964824
0.1419095477386935
0.03778894472361809
0.165678391959799
0.03150753768844221
0.1057788944723618
0.3664824120603015
0.03135678391959799
0.2182412060301508
0.03577889447236181
0.01190954773869347
0.05959798994974874
0.0664321608040201
0.09321608040201006
0.04798994974874372
0.02291457286432161
0.0642211055276382
0.02477386934673367
0.0005025125628140704
0.5504020100502512
0.003115577889447236
0.009949748743718593
0
0.101356783919598
0.1904522613065327
0.009698492462311558
0.08145728643216081
0.00864321608040201
0.04432160804020101
0.1289949748743719
0.1767336683417085
0.084321608040201
0.05396984924623115
0.1504020100502513
0.04623115577889447
0.3136180904522613
0.1409045226130653
0.6485929648241207
0.04874371859296482
0.01185929648241206
0.08547738693467337
0.2747236180904523
0.04879396984924623
0.08472361809045226
0.1063316582914573
0.03653266331658291
0.09271356783919597
0.1827638190954774
0.1022613065326633
0.28
0.05613065326633166
0.05437185929648241
0.09472361809045227
0.1295979899497487
0.03060301507537689
0.02909547738693467
0.02040201005025126
0.06185929648241206
0.09070351758793969
0.1065326633165829
0.1862814070351759
0.06336683417085427
0.4112562814070352
