0.8842713567839195
0.965678391959799
0.8669849246231156
0.978391959798995
0.915929648241206
0.6758793969849246
0.9190954773869346
0.9625125628140704
0.917788944723618
0.9937688442211056
0.98
0.9890954773869347
0.9464824120603015
0.9926130653266332
0.9450251256281407
0.9217085427135678
1
0.9636180904522613
0.9049246231155779
0.9150753768844221
0.83
1
0.9694472361809046
0.9960301507537689
0.6034170854271357
0.9803517587939699
0.8590452261306533
0.9787437185929648
0.925929648241206
0.978894472361809
0.982964824120603
0.9749246231155779
0.968894472361809
0.965427135678392
0.9371356783919598
0.9801005025125629
0.9512562814070352
0.9525628140703517
0.8580904522613065
0.962211055276382
0.8343216080402011
0.9684924623115578
0.8942211055276382
0.6335175879396985
0.968643216080402
0.7817587939698493
0.9642211055276382
0.9880904522613065
0.9404020100502513
0.9335678391959799
0.90678391959799
0.9520100502512563
0.9770854271356784
0.9357788944723618
0.9752261306532664
0.9994974874371859
0.4495979899497488
0.9968844221105527
0.9900502512562814
1
0.898643216080402
0.8095477386934673
0.9903015075376884
0.9185427135678392
0.991356783919598
0.955678391959799
0.8710050251256282
0.8232663316582914
0.9156783919597989
0.9460301507537688
0.8495979899497488
0.9537688442211055
0.6863819095477387
0.8590954773869347
0.3514070351758794
0.9512562814070352
0.988140703517588
0.9145226130653267
0.7252763819095477
0.9512060301507538
0.9152763819095477
0.8936683417085427
0.9634673366834171
0.9072864321608041
0.8172361809045227
0.8977386934673367
0.72
0.9438693467336683
0.9456281407035176
0.9052763819095477
0.8704020100502513
0.9693969849246231
0.9709045226130654
0.9795979899497488
0.9381407035175879
0.9092964824120603
0.893467336683417
0.8137185929648241
0.9366331658291457
0.5887437185929648
