-8.918568314	2.992130602	1
-3.574157795	-1.891588216	1
-5.020054615	-0.6253298505	1
0.06694771389	-5.382963769	1
-7.442623565	1.652069797	1
3.962341614	-9.040044393	1
-1.858901353	-3.651508211	1
-9.758298904	3.738975951	1
-9.112327563	3.246798445	1
-2.482401031	-3.089723957	1
0.3026244808	-5.654388171	1
2.196333076	-7.447430544	1
-1.552696308	-3.82508102	1
-2.11367227	-3.43105141	1
-5.574220579	-0.03940642367	1
-8.716112836	2.931010541	1
-0.2450444245	-5.122642981	1
-8.714704936	2.828860353	1
-1.383734498	-4.095127244	1
-2.066251176	-3.427107292	1
2.490693809	-7.666286441	1
-1.554561123	-3.865173206	1
2.842690171	-8.058862263	1
-3.947382356	-1.564972769	1
-6.304241683	0.6814538786	1
-8.156280357	2.27490536	1
2.78547559	-8.015026225	1
2.315913249	-7.620697501	1
-4.400829828	-1.144600152	1
-4.813503293	-0.896232778	1
-6.744164235	0.98345327	1
0.8466899008	-6.08339326	1
-2.226718429	-3.358437502	1
3.190353832	-8.35337599	1
-7.588279988	1.778583584	1
-0.3386654127	-4.993587423	1
-2.947206787	-2.587123227	1
-5.061016675	-0.4613253374	1
-6.098187528	0.523868331	1
2.4225481	-7.669535632	1
-7.01368778	1.234532872	1
-6.327131436	0.6449711199	1
2.44143243	-7.655016412	1
-2.916071758	-2.62784982	1
-0.9387708296	-4.547158485	1
0.2258333982	-5.611914544	1
-0.7281183989	-4.614402971	1
-5.406288184	-0.1926269016	1
2.087863525	-7.434845698	1
-0.9631249989	-4.491771545	1
-7.817768717	1.968563032	1
1.069355981	-6.426774461	1
-4.001498073	-1.578427714	1
-7.036047578	1.298306852	1
-5.266802319	-0.3323081034	1
-5.027169049	-0.5230604161	1
-1.879823309	-3.640360142	1
-3.91453054	-1.645717442	1
2.309680361	-7.555104818	1
-5.61769728	0.09997061433	1
-4.005784531	-1.534196827	1
0.7435791198	-6.103023893	1
-3.156782019	-2.382766158	1
-3.566005626	-2.053245236	1
5.500265363	-0.1140474166	2
-1.963776882	-3.549023218	1
-7.32429156	1.530354038	1
-5.176814342	-0.510249649	1
3.004133341	-8.236171823	1
3.436905524	-8.513993003	1
-8.003827822	2.297894816	1
-6.16261265	0.4654332354	1
-9.841285292	3.888689725	1
-0.3160828076	-5.066979222	1
0.9206466322	-6.205980526	1
-1.020667026	-4.426381819	1
-8.508736839	2.643634037	1
-2.521885739	-3.051365854	1
-7.480175148	1.714647902	1
-6.342881712	0.6620607555	1
-2.185398574	-3.226352638	1
-8.556561343	2.753537432	1
0.509609015	-5.849095651	1
-10.03959482	4.104975858	1
0.5684778056	-5.945996564	1
2.918654985	-8.155392451	1
0.2242962903	-5.569038065	1
-1.925466731	-3.545321245	1
-5.539589845	-0.1222401826	1
-9.48706186	3.650260537	1
3.420380995	-8.637193616	1
3.182947661	-8.396815481	1
-9.377908234	3.467633422	1
-10.09340363	4.116506168	1
-9.893475527	3.870849718	1
-6.269101381	0.6029491004	1
-9.805252276	3.852629938	1
0.5119594437	-5.728227193	1
3.123506776	-8.114245695	1
3.692291495	-8.914430068	1
-7.859893326	2.128957832	1
-1.14581938	-4.234244345	1
-9.227027612	3.319317869	1
-8.739923304	2.911492021	1
-7.637389066	2.002729519	1
-1.38219592	-4.079111194	1
-7.215217357	1.405307016	1
0.7130389276	-5.943645843	1
-1.979939312	-3.522035649	1
-9.094210658	3.275367337	1
-1.463413599	-4.088504339	1
3.545731558	-8.689573106	1
-6.096165879	0.3958466942	1
-5.370514715	-0.3523972549	1
-10.15816782	4.218376804	1
-1.565332744	-3.853022971	1
1.511853772	-6.817036482	1
-4.531286236	-1.082414941	1
-6.620057159	0.9741846658	1
-1.766696941	-3.735111717	1
-2.239116972	-3.223686042	1
1.523813222	-6.838379928	1
-4.230775721	-1.301349399	1
2.275059122	-7.550864988	1
-8.668847064	2.825840492	1
-0.1955405641	-5.05882227	1
1.065549371	-6.362684068	1
-1.808146246	-3.592915245	1
-9.685970774	3.719064668	1
2.273127144	-7.436071182	1
-2.062293876	-3.458009695	1
-7.939961107	2.232596537	1
0.4951941215	-5.788658029	1
-7.703619068	2.046202215	1
1.818949191	-7.048878569	1
2.791026861	-8.048782485	1
-5.375983238	-0.2371350175	1
1.543036104	-6.822280993	1
0.1103200046	-5.452481439	1
-9.051783849	3.262772452	1
-1.39308801	-4.028425034	1
-9.944835597	4.121346723	1
-7.478459525	1.701828934	1
-6.953887007	1.130176635	1
-8.100429486	2.295650057	1
-0.419830444	-4.919541414	1
3.538980062	-8.659895786	1
-0.7666948878	-4.588181122	1
-4.486409304	-1.055204823	1
-3.574618986	-1.905017821	1
-0.7429225715	-4.632351192	1
1.42330819	-6.651741989	1
-5.522060565	-0.1481055563	1
-9.370739313	3.574077095	1
-10.30633695	4.396824787	1
-6.625790013	0.8418042215	1
2.842204789	-8.07392455	1
-4.075652014	-1.495553958	1
-7.880856907	2.157524247	1
0.2166110433	-5.59183862	1
2.325758031	-7.620183888	1
-8.087007529	2.20045968	1
-3.976416318	-1.638756148	1
-2.369963754	-3.10817838	1
-0.9014410315	-4.555279919	1
-2.513915038	-2.919225014	1
1.591556933	-6.904563009	1
-6.108404637	0.3886197131	1
1.683960939	-6.990175146	1
-0.3420292098	-4.981981234	1
-5.529932865	-0.1564827588	1
-3.716021597	-1.910195717	1
-6.328519916	0.5995939485	1
-0.3031539082	-5.134242031	1
-6.249844243	0.538530848	1
-7.465621867	1.713594492	1
-9.085215683	3.265698761	1
-8.201813066	2.230447936	1
-2.98070855	-2.42712564	1
3.713014682	-8.886466799	1
-8.02610559	2.342949967	1
-7.178262196	1.386141296	1
-0.4271201036	-4.908637733	1
2.108365589	-7.314342537	1
-7.589512762	1.802626699	1
-1.016473764	-4.382598505	1
-9.285947996	3.417392071	1
1.946108838	-7.146241096	1
-8.830430666	3.023692692	1
-4.686773968	-0.9523122091	1
-0.7180403861	-4.579547395	1
-2.210584738	-3.238031319	1
-5.91466613	0.1381488631	1
-2.353599358	-3.165280074	1
2.002171505	-7.246391257	1
-9.10592552	3.211336819	1
-2.794091647	-2.836344066	1
1.579339315	-6.863832647	1
-9.847037332	3.821784507	1
-6.896699965	1.064996699	1
