5.039111317	-1.454928487	1
-1.16138219	1.538474855	1
6.394953411	-2.080647377	1
4.728881795	3.370825218	2
-5.217637932	3.477970738	1
-4.458728736	3.124129799	1
-2.278558428	-8.076364013	3
-3.196096739	1.649131581	4
1.380549294	0.3442526434	1
8.175151234	-2.901459284	1
2.752479296	-0.3062284799	1
-4.380791012	3.063962529	1
-10.92017975	4.148410183	4
7.323424191	-2.5115695	1
-8.482368784	-4.264600603	2
-10.15020216	-5.257496109	2
10.47241089	-4.018472392	1
8.127127744	-2.878816044	1
4.335426574	-1.044809655	1
-6.18870843	-3.003174252	2
-2.00314281	1.963276778	1
-6.328051772	4.034065665	1
-4.228682487	2.995648397	1
1.67892	0.1888763413	1
-4.61304924	3.183445496	1
-1.809888401	1.823544098	1
-10.39321984	-5.460681638	2
10.29139943	-3.918045874	1
9.532153023	-3.583307602	1
2.99241741	-0.4187685946	4
2.239955207	-0.06743096125	1
-1.236248317	1.541755844	1
-1.514376648	1.742745927	1
-5.922715326	3.806750285	1
-1.383487726	-0.1463518396	2
-0.07139361085	1.005616523	1
-4.72189559	3.260168287	1
-2.092698718	-0.6136060561	2
0.4875881805	0.7805948211	1
-0.3437461366	5.08793501	3
8.500268553	-3.069440289	1
8.470222212	-3.046093361	1
-0.8781740642	1.390254706	1
4.673087163	-0.9045120766	4
4.245995307	-1.036806638	1
6.223942852	-1.980262094	1
-4.775270903	3.300193549	1
-2.303595021	2.090748131	1
-2.577071861	-10.08835666	3
-1.263200458	-1.216777419	3
0.8888211297	0.5542193235	1
3.864339749	-0.883725139	1
-3.797491484	2.776030688	1
0.2099175455	8.403416124	3
0.5777872586	0.7134758376	1
0.4345279955	0.7760094938	1
6.805281978	-2.288365908	1
-2.346719626	-0.7683696553	2
-6.714856713	4.177403679	1
3.639595351	-0.7763293559	1
1.308410299	1.351814694	2
10.30722094	-3.96614685	1
0.865206798	0.3178399153	4
-2.709233259	2.257794155	1
3.010902454	-0.4321486042	1
-1.680128634	1.128269497	4
-1.318421981	-1.792543282	3
-4.410052929	3.072899404	1
2.666048741	2.207192794	2
4.647478454	-1.195541451	1
2.850546773	-0.3833669834	1
8.23997201	-2.94367908	1
-7.045647722	-3.521478742	2
6.196910523	4.17991113	2
8.695742621	-3.170068131	1
-5.655861313	3.692251488	1
2.774586078	-0.3174975257	1
-2.292410228	2.060135142	1
-4.14715882	2.963964088	1
-6.579273475	2.756700905	4
-3.905746808	2.887398297	1
2.330855458	1.98402051	2
-3.914634642	2.843651075	1
4.708568992	-1.268452109	1
6.914610963	-1.635755674	4
3.450782597	2.658808043	2
-3.529671102	2.648502793	1
10.57742106	-4.069533436	1
-5.557741134	-2.608504962	2
7.968385574	-1.347064581	5
-10.96461626	4.177083942	4
5.322549286	-1.550149856	1
6.806838723	-2.277169393	1
1.202439591	0.4084400402	1
11.00903061	-4.260016945	1
0.4056268674	0.8538322325	2
-1.415270768	1.645216819	1
-4.881619088	3.296566139	1
-2.851276124	2.36150407	1
1.561995319	0.2324013082	1
6.829845469	-2.283198298	1
8.005194776	-2.848364625	1
-6.560448703	4.119670458	1
-1.493869623	1.688498818	1
4.371492643	-1.095985151	1
2.151800274	-0.02176446309	1
0.4660572539	0.7693416163	1
-1.811330447	1.245546772	4
10.34982666	-3.958927252	1
-5.626563051	3.673775705	1
7.928458516	-1.307966142	5
7.812883749	-2.743108973	1
-1.076644257	1.480811042	1
7.213754864	-2.462673049	1
8.14324476	-2.889422428	1
10.50699762	-4.021148344	1
10.29484302	-3.938257978	1
-1.803920902	-4.718807608	3
3.479827622	2.673645244	2
1.770175017	0.1438550117	1
-6.529969609	-3.199109153	2
-7.417008591	-3.668297165	2
8.198583052	-2.920838453	1
-0.2162450055	1.089581686	1
7.524591554	-2.600237909	1
-2.465755499	3.03695291	5
-0.1131407504	1.028665361	1
-10.44797769	-5.407615036	2
9.005323103	-3.295947099	1
-8.367262885	-4.239569689	2
-3.592132542	2.70899536	1
7.860489501	-2.737854908	1
-2.465715255	-9.896130819	3
0.3445796402	0.826204414	1
1.701968727	0.1511614799	1
4.716264927	-1.267418857	1
5.9753273	-1.852777795	1
-10.02519954	-5.269237308	2
-0.7731968675	1.353063612	1
0.02185369036	0.6391613436	2
-5.568785838	3.653280794	1
-5.118970167	3.43713897	1
1.147432107	0.4532209017	1
9.562067237	-3.600473834	1
-0.02242047435	0.5835300424	2
6.352317204	4.346803908	2
8.201027474	-2.898706109	1
1.213840392	1.334861976	2
-3.556452016	2.685337478	1
-7.001214037	2.890227969	4
-8.008306169	-4.04268055	2
-1.115988065	1.516085332	1
-5.296772643	3.473146514	1
-5.722126201	3.719425385	1
4.862397188	-1.334630714	1
5.436606138	-1.609055608	1
-3.419190565	2.605762109	1
-0.5883227572	3.503188288	3
-6.43204494	4.076193573	1
9.604914061	-3.577241083	1
8.521990819	-3.056349963	1
-4.159927188	1.926542736	4
1.28466878	0.377058308	1
-5.440449272	3.57291498	1
5.038365757	-1.055676977	4
-1.6733767	1.79842199	1
-0.4184333675	1.216902822	1
4.558220346	-1.191152102	1
-6.044639858	3.855829162	1
8.74727059	-3.192112976	1
11.16047622	-4.341849899	1
4.435555817	-1.122832668	1
-2.21016363	2.063037201	1
4.785623724	-1.306608489	1
-0.1201342275	0.5227245955	2
-6.775136912	-3.287251001	2
4.87243168	-1.349400665	1
-10.34642831	-5.347896394	2
2.074650808	0.001248230023	1
4.268680916	-1.044738849	1
3.176609673	-0.5364211914	1
-2.172345064	1.306921442	4
-6.495946578	4.088819589	1
6.593046139	-2.171774121	1
-6.667491244	4.155462152	1
2.920416442	2.32049437	2
-11.01831458	4.20118941	4
2.179434687	-0.0906402526	1
-10.53894815	-5.513291138	2
7.103899784	-1.749059204	4
-0.490267377	0.3337700384	2
-3.596643487	2.698644469	1
10.57336794	-4.029156301	1
1.29155184	0.3613230557	1
-0.823124336	2.084475582	3
-2.343426101	-8.587531828	3
6.726468208	-2.240480122	1
6.185926566	-1.960918685	1
-0.2735839878	1.106945541	1
7.985701794	-2.840255797	1
