0.7919428563	-7.172054911	1
-4.770711981	-0.6744595704	2
4.572860068	-2.334106698	2
0.1981917256	-1.536719977	2
-1.512763438	-1.235847804	2
-0.1906016791	-1.490438567	2
6.155104215	-2.616488844	2
-4.951700757	-0.5967101733	2
-11.54700824	0.607084877	2
-7.224720439	-0.1751528274	2
3.946223188	-2.173357632	2
-0.6587243037	-1.324335461	2
-7.593563961	-0.07622015494	2
-1.296681652	-1.235717638	2
-11.59356376	0.6632510741	2
0.2257728531	-7.796054365	1
4.039140315	-2.258980218	2
0.4400053506	-1.588709738	2
-3.165874789	-0.9400889916	2
-1.440063952	-1.240151639	2
-2.273021792	-1.089778502	2
4.469675884	-2.37640457	2
2.502509207	-1.954139642	2
-1.003159984	-1.336496418	2
1.254693241	-1.738896175	2
2.238251062	-1.943875476	2
-3.681733394	-0.8295572001	2
-10.17605534	0.3700167003	2
-2.197887101	-1.03929458	2
6.386977185	-2.698317642	2
5.998146817	-2.585484162	2
3.611589961	-2.12343116	2
5.54131666	-2.50184777	2
-0.896098334	-9.015820298	1
3.163157933	-2.104083505	2
-1.87913779	-10.14725997	1
-8.770128578	0.06026943371	2
3.632336498	-2.154432693	2
-5.613281108	-0.5070369026	2
0.6823744948	-1.612068336	2
-5.035236368	-0.5751352896	2
4.887028812	-2.408358553	2
3.715356516	-2.115273147	2
-7.903947088	-0.1100015777	2
-6.725599717	-0.3037352521	2
-9.982621685	0.3654935618	2
-6.098097604	-0.3842418098	2
-0.407329819	-8.476697012	1
-12.4349854	0.8053998552	2
3.839913734	-2.191311204	2
6.057440009	-1.490918772	1
1.155737874	-1.799685047	2
2.589628196	-1.978777573	2
-9.766725578	0.2418941901	2
3.899068912	-2.217601961	2
-6.45011935	-0.394847769	2
-1.078253714	-1.357076089	2
-5.489565414	-0.5105922647	2
-2.203416546	-1.156530352	2
2.629820523	-2.002118778	2
2.555372165	-5.325534807	1
1.219089528	-6.709114275	1
-0.7598162636	-1.376194545	2
1.72291736	-1.864224724	2
1.842956395	-1.853025646	2
-6.129954846	-0.3902635151	2
-3.336050103	-0.8644003346	2
-10.27724953	0.4274873635	2
-8.64941971	0.07774894263	2
-1.769911744	-1.159075286	2
-4.892642475	-0.5458625687	2
6.109667031	-1.556653164	1
-2.298554815	-1.095552941	2
-4.489430047	-0.6785647889	2
5.904638172	-2.582580223	2
3.708594097	-2.2099112	2
3.216348054	-2.137709167	2
-3.471275196	-0.877843907	2
-7.68467786	-0.1118472316	2
-12.37426613	0.7571135791	2
-0.139216741	-1.438407387	2
-7.89833603	-0.05047539413	2
-10.7599749	0.4409086568	2
-10.76358028	0.4822384615	2
-12.85797023	0.8494500023	2
-10.77882046	0.4121761347	2
-13.00775834	0.8507950745	2
-9.104098863	0.1340388052	2
-2.088033508	-10.3089116	1
3.315374245	-2.080657792	2
-2.301330323	-1.007555391	2
-0.09718037726	-1.499987373	2
-4.76733625	-0.6257948714	2
-8.586586182	0.04127963593	2
1.238251973	-1.704941471	2
-5.753994404	-0.4968308378	2
-2.81719685	-11.07316305	1
-10.06744154	0.294937777	2
-0.1697556426	-1.483279712	2
2.767833271	-2.0211383	2
-10.56697401	0.4162224134	2
4.207125944	-2.280487125	2
-8.681094365	0.0556102641	2
1.761620656	-1.815296535	2
-10.25047649	0.3140346092	2
-0.7920405556	-1.373969528	2
-0.001990296818	-1.536996224	2
1.995320157	-1.898826208	2
-5.694909024	-0.4087668296	2
-12.37519875	0.7158315905	2
-9.987228146	0.3345001994	2
-10.87992304	0.4755942727	2
-8.525051018	0.04834235862	2
4.710839358	-2.380403553	2
-3.380697595	-0.9142767529	2
-12.43257918	0.7456055049	2
-5.248854641	-0.5818711123	2
-2.199412098	-1.113433979	2
-7.981432399	-0.08761653408	2
-4.009922534	-0.767272789	2
-3.123946479	-0.9815080234	2
0.4443952275	-1.601097553	2
1.296013872	-1.738373268	2
-8.884744784	0.1288612479	2
3.786727525	-3.895113786	1
5.490025103	-2.568062253	2
4.449413344	-2.375142075	2
-9.262689243	0.1823492738	2
-10.23368344	0.373711132	2
-10.81543903	0.4346800003	2
-0.9531591753	-1.319165562	2
-2.639632443	-1.071072299	2
-5.393517977	-0.5916265344	2
4.483493231	-2.316035138	2
-6.614125673	-0.3343471428	2
4.88979708	-2.401172318	2
-10.32083958	0.3943005941	2
-9.232403635	0.2110419405	2
-12.0097252	0.7493726257	2
0.1881091935	-1.537671227	2
-7.710167854	-0.1122642134	2
0.473015131	-7.54148718	1
5.95265831	-2.593763284	2
-9.19075967	0.1787900153	2
-1.581945277	-1.239944847	2
-12.98647466	0.8725671494	2
-0.7503396328	-1.414379853	2
-10.26091999	0.3466004112	2
2.454185441	-1.954503435	2
-2.759075228	-1.025422915	2
-0.3930597942	-1.425627553	2
-7.927031017	0.04341800986	2
4.381072527	-3.36635958	1
5.964316472	0.1881956816	3
-12.76784139	0.8878050067	2
-10.64898131	0.4387793884	2
4.607211537	-2.337759887	2
4.043587614	-2.290699837	2
-2.913625608	-0.9413892768	2
-7.155859664	-0.2174168832	2
-1.46469267	-1.238145329	2
-0.8383093569	-1.365728206	2
-11.29451809	0.5404869289	2
-8.910506816	0.1829047037	2
-0.2630815026	-1.479434783	2
0.2534784682	-1.550657183	2
4.086382092	-2.292465668	2
-7.538591083	-0.1156112428	2
-9.758535203	0.2630784397	2
4.468617474	-2.274188627	2
5.802018509	-2.552892174	2
-11.16704587	0.5268858189	2
-12.8177849	0.8164768514	2
-6.145099427	-0.3785098854	2
-6.357821758	-0.352926491	2
3.36640159	-2.176092656	2
-1.335294169	-1.243222249	2
-3.749460335	-0.7852016722	2
1.478565401	-1.770330297	2
4.904580105	-2.804879359	1
-9.632335766	0.2556587542	2
6.175128746	-2.651849139	2
-10.47034422	0.4281038331	2
0.3488834293	-7.707590896	1
-3.112224851	-11.50580236	1
-10.24204389	0.392644101	2
-4.307083732	-0.7305283449	2
-6.705463892	-0.3214896015	2
-2.330201292	-1.099281244	2
-6.029970664	-0.4211867565	2
-13.01480491	0.9095150845	2
-6.266657009	-0.3670692056	2
-6.132368605	-0.4174770796	2
-10.31824219	0.4213247965	2
-4.094495355	-0.7672384304	2
1.97019723	-1.859517798	2
-7.45537131	-0.1446072312	2
-2.581652036	-1.016665812	2
-8.710068932	0.1579474365	2
6.560370893	-2.68647381	2
