-8.167909189	-14.53557196	1
1.169315816	-4.312217573	2
-4.297590078	-12.14958088	1
-0.3059910236	-9.98705286	1
1.577083539	-7.051872322	2
-1.678964384	-10.70955621	1
0.2172018988	-9.565550734	1
1.581244793	-7.173145608	2
-1.185401253	-10.38327694	1
1.066540764	-3.644825169	2
-0.9600076275	9.621454865	2
1.237929327	-4.867156438	2
-7.822570349	-14.28403258	1
-0.01582499562	8.978580268	3
1.7060609	-7.738119264	2
1.429091066	-6.052759099	2
0.7269745212	-1.371567783	2
6.141614341	-6.212002897	1
0.6856713538	-1.147564121	2
-0.1487361863	2.060656056	4
0.3396739396	1.148000234	2
1.262592834	-4.946442678	2
0.02756599936	3.019738377	2
0.4725035754	0.1591398237	2
-0.150797123	4.471384474	2
-0.1577400642	4.379545579	2
0.7999628154	-1.798949677	5
1.997672104	-9.558023353	2
-4.88492596	-12.63241839	1
0.8883955691	-2.461194776	2
-0.4482691408	6.285142125	2
-0.5069997424	6.630184053	2
1.109382607	-3.925254444	2
-7.851323495	-14.29460964	1
1.485889826	-6.386707548	2
1.48467511	-6.423721882	2
-5.776744201	4.915027194	5
6.505333207	-5.979110384	1
0.3756772799	0.8429433515	2
3.589508432	2.725567762	6
7.181354314	-5.455520223	1
1.936330571	-9.373413333	2
-5.87690226	5.10459186	5
0.2693296402	1.569621579	2
0.5689997891	-9.394302521	1
0.4252219657	0.6817492877	2
-0.5008640317	6.587241087	2
0.04277564117	-9.658671058	1
-1.354623681	-10.43809469	1
-8.535098173	-14.75044994	1
1.045617118	-3.43013494	2
-5.056696799	4.169173396	5
0.8983825353	-2.484347174	2
3.627349451	-7.501500525	1
1.501898071	-6.408307954	2
1.401650294	-5.639966577	2
-0.5380326399	6.841267587	2
-1.645119049	-7.577175805	3
-0.4735821477	6.359444027	2
1.052897481	-3.725927714	2
0.7927259565	-1.923497045	2
-0.1554799439	4.412895908	2
8.122253407	-4.98348311	1
1.811748211	-8.665166492	2
0.3160077257	1.179425915	2
1.90951585	-9.096660983	2
-0.7132026886	7.855706487	2
1.329840356	-5.593084892	2
0.6104421055	-0.547842539	2
-4.154414409	-12.12632729	1
-5.286857174	-12.85026705	1
1.569242443	-6.807417884	2
8.276370138	-4.831492076	1
-0.5383287424	6.789364791	2
1.153797951	-4.2211369	2
5.124741031	-6.275378905	5
-0.4942785471	-9.924181767	1
-0.266979366	4.984669579	2
-0.7676161335	8.324609028	2
-5.319495153	-12.89368503	1
-2.019324632	-11.00549677	1
0.6973800881	-1.270466752	2
6.923395191	-5.695459448	1
-3.109161308	-11.42325867	1
-0.3583467653	5.77316481	2
1.748007219	-8.09778933	2
0.4000839728	0.9233230593	2
6.346136564	-6.706248517	4
2.290389469	-8.400979522	1
0.04174189505	3.033082971	2
-0.6223285294	7.317512793	2
8.673551219	-4.658295152	1
0.6487902734	-1.042358071	2
-8.287382681	-14.42925282	1
1.603889715	-7.067944495	2
-0.6233050598	7.441481055	2
-0.4459286378	6.284374866	2
8.671605445	-4.660509019	1
1.825187475	-8.482480791	2
1.366093755	-5.549815686	2
-1.007871149	9.808753197	2
7.13729586	2.591316825	6
-0.101735652	3.899368007	2
0.4567628723	0.2737573493	2
0.8112902462	-1.967068216	2
-0.07068839173	3.778671096	2
-0.2448875518	4.849828682	2
0.9243664332	-9.188242092	1
1.34885099	-5.442669487	2
-0.8761740814	-10.27618638	1
0.7872511716	-1.649725104	2
-0.2175472483	4.697508281	2
0.9021258793	-2.604638267	2
-4.647410596	-12.33477977	1
-0.3004154476	5.29111485	2
0.232522183	1.776377401	2
0.7810002468	-1.810787021	2
0.5003553943	-0.020021116	2
1.986367131	-8.544051846	1
0.432649159	0.5807731608	2
-0.4775023021	6.406719974	2
1.481444129	-6.436688869	2
-4.084751403	-12.04112671	1
7.598013921	-5.239964126	1
1.986970302	-8.574253224	1
0.5324730122	-0.3523695004	2
-0.09316563677	3.886299946	2
-6.436967841	-13.46848874	1
1.553658119	-8.772891231	1
-3.322369506	-11.68954415	1
-3.793918944	-11.90676401	1
-0.8089431667	8.300907838	2
4.638340113	-5.811798889	5
-0.4988309552	6.666206664	2
-0.05620682151	3.577729527	2
-6.033346828	-13.15884681	1
-0.03386066692	3.757976586	2
-0.6328847452	7.49882282	2
0.5850379265	-0.4594540324	2
1.319719847	-5.472847014	2
-0.3722443356	5.82479227	2
0.1804095006	2.051416472	2
0.1008694056	2.654350626	2
-0.6381716638	7.546140169	2
1.304180269	-5.308464971	2
0.1349313875	2.482686862	2
-0.8721664658	9.13982803	2
-6.561908689	-13.53013823	1
-0.2421180965	4.835525593	2
-2.495030013	-11.20992214	1
0.696998499	-9.2901532	1
0.1075157681	10.02573546	3
1.594929091	-8.763023244	1
0.9506670724	-2.939721089	2
0.6951227841	-1.301240027	2
-8.221102297	-14.53353847	1
1.733829432	-8.148935525	2
-0.5707751871	7.074968035	2
2.794316772	-8.117019037	1
-1.962850964	-10.8101036	1
-9.078048273	3.324603125	6
4.567224653	-4.357318814	4
-2.51884181	-11.19598534	1
0.2462890862	1.661669843	2
2.222137517	-8.463057116	1
-0.2378636188	4.906108621	2
-0.2371916682	4.890194753	2
5.55853113	-6.469845877	1
-0.02974197143	3.325271706	2
-4.189341592	-12.31177536	1
-4.029348343	-12.02356256	1
2.809531598	-8.045802125	1
1.133079477	-3.935908545	2
0.3227952986	1.169346299	2
-2.921442828	5.835203612	4
0.4689439548	0.2355032313	2
-0.6379011489	2.604909137	3
0.02714501498	3.018019252	2
1.800484476	-8.314829827	2
0.6427589851	-0.9826144893	2
-0.04366336193	-9.803457719	1
-0.8786337085	9.027380743	2
-0.4777912312	6.330800571	2
-0.1988659008	4.682942263	2
4.362265703	-7.145705043	1
-0.2928925725	5.177145081	2
-6.294221374	-13.40729274	1
-0.8036752847	8.366782785	2
1.698953732	-8.702381325	1
-0.9760863608	9.774187166	2
-7.362689077	-13.99987348	1
-8.138749805	-14.4933481	1
-0.4028115829	6.056935235	2
7.738514905	-5.235389166	1
-0.9371169853	9.565267068	2
5.40656242	-6.594078958	1
0.5503148573	-0.1439428008	2
1.960712235	-9.511016684	2
-3.101556409	-11.55742173	1
-0.6136022844	7.445724125	2
