1.039833518	-0.4738291002	1
-7.868010424	-0.3610327255	2
2.023337984	2.003756099	3
7.883321762	0.4111125166	2
-0.7349633772	0.004064967701	2
7.042623598	0.3979708849	2
8.402293336	0.4255981777	2
6.573709619	0.3749762155	2
-4.546926091	8.717702072	4
-2.219608675	-0.5447617787	3
5.356767959	1.186539429	4
-0.3541215405	0.5838039697	3
-4.393253703	-0.1903103944	2
-3.598844819	-0.1009727186	2
-2.868251664	-3.594948123	5
-7.719079521	-3.852728321	3
2.079724816	0.1499307623	2
-1.313262563	-0.0109492755	3
-0.8578507127	0.2816076012	3
6.078455105	0.3236242012	2
-4.373450577	-0.1435451736	2
-3.358563562	-1.23662676	3
-0.9621320116	0.01342783688	2
-4.278338297	-1.794806029	3
-7.313960497	-0.312291064	2
7.752715642	-0.6808438551	4
-7.335159715	-0.326328832	2
1.325440726	0.1181348911	2
-3.143804886	-1.119237745	3
0.3842650301	4.964246602	4
-1.263464006	6.18935522	4
-9.051357772	-4.673126773	3
9.244083026	0.5387270244	2
-3.478440211	7.89819844	4
-2.849960154	-3.572623304	5
11.11579437	0.5733552307	2
-4.226855756	8.428570975	4
7.45525634	5.285099856	3
8.742233425	0.4410991691	2
3.771476303	0.233574674	2
4.005116622	0.2066368723	2
7.082304059	-0.1173076778	4
2.743692792	5.478987183	6
-0.3711413288	0.5525365237	3
11.41449911	0.6161505229	2
5.656798785	0.2949581388	2
1.018497458	1.411027811	3
-2.259635454	-0.5679614693	3
5.157890083	3.904202832	3
3.095958537	2.644347634	3
1.49125477	0.1181445297	2
0.3234710315	-3.221026122	6
1.551085245	4.034918095	4
-1.941523314	-0.3924729414	3
1.690204811	0.1434670144	2
-8.375996983	-4.260845747	3
9.090262971	0.4909094028	2
-6.029974082	-0.2460531306	2
-4.417216831	-0.1746442164	2
-3.385038234	-0.1139139869	2
2.931505014	2.966460374	4
7.858875955	0.4499925531	2
-3.641217073	-4.095873055	5
-3.529942881	-0.1244841851	2
-8.498045645	-4.357562689	3
10.23095733	0.5507329666	2
-2.141751813	-0.4900000256	3
-6.434883131	-0.2470641314	2
-5.406848647	-0.2049532172	2
2.773808334	0.1886844873	2
0.8468344546	4.62220431	4
3.138891496	2.687204738	3
1.376819942	-1.582773977	1
8.201581347	-0.9704370637	4
-0.03929220468	0.7690449632	3
2.981506758	2.600847989	3
-7.391603981	-3.660967128	3
8.06472033	-0.9538313535	4
4.072572682	0.2559353731	2
2.229440242	3.53764055	4
1.142871489	4.356831722	4
3.736425761	3.045545369	3
5.541845261	4.118842791	3
11.41714137	0.586563586	2
3.247551561	2.738843636	3
-3.560114508	-0.1095822319	2
4.569427032	0.2616471202	2
-0.2131912975	0.02216399265	2
9.520993537	-2.039111942	4
-3.735711679	-1.466104364	3
3.051103077	6.578502703	6
1.997814219	1.97905765	3
4.104714913	3.263369813	3
6.369847248	0.3362287451	2
3.105250008	0.2004926444	2
2.653621675	2.382081606	3
0.4970272294	-2.584937548	6
6.200464516	0.5270683713	4
-3.739681429	-1.488776978	3
-5.279183436	-2.404187296	3
-3.168224391	-1.131101828	3
-6.838050095	-0.2488939559	2
1.079256674	-0.6206469956	6
10.27870435	0.5424430383	2
-0.834672652	-7.449455519	6
1.386507547	1.60992864	3
9.675446175	0.5187186747	2
-6.814194866	-0.3015088915	2
6.720250444	4.843107651	3
8.056031893	-0.9438060829	4
1.070597467	-0.5445866416	1
-3.308903638	-0.1241771406	2
2.201231366	0.1340467151	2
-0.4144345944	-5.910917402	6
-5.048314009	9.077899394	4
10.64536975	0.5589797067	2
9.628718463	0.5181867613	2
-1.835529047	6.635233021	4
1.934583502	1.963091604	3
5.286637827	0.3364802923	2
-5.356646086	-2.442048902	3
3.251842163	0.2042828239	2
-5.219404658	-0.2212510677	2
10.51790988	-2.796901951	4
7.334601894	5.216836622	3
-5.022216387	-2.254000098	3
0.4063249933	1.022839825	3
0.4451103737	1.466093287	1
7.730991567	-0.6980602639	4
6.08901903	4.45610037	3
-8.177096607	-4.158146837	3
-3.702317194	-0.1329248702	2
-4.334191893	-0.1606801533	2
4.054786642	2.159909479	4
2.221816346	2.135386184	3
11.81209506	0.6330546877	2
7.236562497	5.156091505	3
-5.449551502	-0.2332581815	2
4.146200401	0.2420111795	2
-6.80228478	-0.287195982	2
-4.680254777	-0.1800344823	2
-8.75794075	-4.497272166	3
0.6033527092	1.156412491	3
1.935677885	0.1385472439	2
3.433362181	7.887430086	6
-2.429525057	-0.6849073135	3
11.91754849	0.6473108888	2
-8.980271861	-4.637346037	3
8.918626578	0.4574004572	2
-4.952753024	9.004056666	4
-4.693663181	-2.048661627	3
-1.463174105	6.369467571	4
-7.707285987	-3.841144989	3
10.32338362	-2.639862223	4
2.489939678	2.292676239	3
-7.466542279	-0.2908514512	2
3.451992541	0.2126287522	2
-5.6322847	-2.60372782	3
3.329257296	7.580666501	6
-3.374250832	-1.260546548	3
4.439863164	3.451508003	3
-8.628134568	-4.428465671	3
0.4643088499	1.070588889	3
2.347894057	0.14895155	2
1.2202406	0.04877029149	6
9.167498184	0.4714780183	2
0.7040833043	-1.864798998	6
7.117601718	0.3604303252	2
5.647812149	4.188389151	3
6.827620855	4.914179596	3
7.392300247	5.252015501	3
-1.027879248	-0.01389806041	2
-2.133586283	-0.03164199342	2
-4.437629317	-1.899102249	3
-7.082087114	-3.474563814	3
-0.2146216919	0.651913724	3
-7.669701379	-3.850614684	3
-0.8337094823	5.85702041	4
10.131128	-2.473101561	4
3.097858476	0.2047951351	2
-0.5000121178	0.4840799678	3
1.233524715	4.257632255	4
-0.4518079105	0.5142610398	3
-5.72823261	-2.655987391	3
-0.03606453635	0.03476335801	2
3.429086905	0.2142829288	2
-6.135771524	-2.933386323	3
4.319509233	1.982008829	4
2.002979194	1.985749654	3
6.42698429	4.665321467	3
2.937816467	0.1877328892	2
-2.209700832	-0.06598072859	2
8.197890237	0.4143897612	2
0.3333885393	0.09026006063	2
5.399405837	0.3143419139	2
-1.119474264	0.1055249197	3
-0.3763129124	0.01571883789	2
1.924804519	3.770741713	4
-7.232130927	-3.582181622	3
0.06877090183	-4.19670783	6
