0.9147124876	6.205492246	1
0.7674022578	4.416359015	1
1.157734208	8.564272827	1
1.0617091	7.700265567	1
0.7512664551	4.256502211	1
1.069781425	7.926075233	1
0.5943788373	2.429713085	1
0.1066829811	-2.936330488	1
-0.4136429088	-8.339059526	1
0.319518279	-0.323273526	1
-0.08743426653	-4.824192736	1
-0.1801858203	-5.693792176	1
-0.01054681727	-3.901582765	1
-0.5744559457	-6.578631784	2
0.557762889	4.405961039	3
0.4398153076	0.6364676877	1
1.925321368	4.682291385	3
6.567575927	5.898223795	3
0.7728459055	4.444699063	1
0.9645397009	6.632900936	1
-0.1020259561	-5.333118478	1
7.703284324	4.317070728	4
0.3229227556	-0.5878382706	1
4.459734811	1.54247654	4
4.717593177	1.773054673	4
0.4101578089	0.688677789	1
0.7422115361	3.781431861	1
0.8392223753	4.596319319	1
-4.66884904	3.085246394	3
1.142500171	8.368397608	1
2.664446296	5.384668152	2
0.1151939951	-2.655347279	1
1.158492557	8.181820649	1
0.7365342725	4.092566448	1
-11.50398575	1.369390012	3
-0.4546615057	-8.688791119	1
0.7177961476	3.983895223	1
1.067515539	7.700449904	1
-0.2478237894	-6.652627995	1
0.06706512649	-3.153764873	1
0.8047872691	4.66927687	1
-0.2673153066	-6.719047757	1
0.07196085483	-3.417522846	1
0.3032113797	-0.9240589415	1
0.1921689588	-1.633835507	1
-0.05067698562	-4.023294801	1
0.3209117128	-0.5982509714	1
0.4029931805	0.5651072271	1
-0.1129408709	-4.826958085	1
-0.1213731157	-5.100377477	1
0.4350143343	0.4552396863	1
0.9381623486	6.164406864	1
0.02805152586	-3.671856945	1
-1.187783877	-3.185108685	4
0.8409159165	5.329594173	1
0.7543701876	4.380635488	1
0.1472082952	-2.259210048	1
1.242787299	9.856134019	1
0.04535699981	-3.287898198	1
-0.4236150686	-8.345850518	1
0.6102830914	2.871305589	1
0.4645936969	1.027792485	1
-0.1312727287	-5.197401111	1
0.6188208085	2.863694609	1
0.7424697699	3.99813486	1
-10.36995088	1.669667031	3
1.019932427	6.960022769	1
-0.1139197814	-5.201614898	1
0.8988366652	5.721434115	1
7.005524093	3.684103999	4
0.652998607	3.063125419	1
2.877069364	0.2394129416	4
1.077136297	7.760127356	1
0.2172491033	-1.532154665	1
-0.2571423942	-6.459170823	1
1.085779367	7.90360677	1
-0.351339293	-7.395560778	1
0.6100160761	2.539397612	1
0.6861438879	3.343849275	1
-4.486618648	3.109132854	3
-0.1672084484	-5.548344262	1
-0.2546263231	-6.612163807	1
1.02608041	7.117986012	1
0.9162079792	6.304458322	1
0.8693193492	5.345967619	1
-3.032069421	-4.762324087	4
1.01267534	7.380627734	1
0.130160858	-2.291470418	1
-0.2383449405	-6.26045129	1
1.312354052	10.12275083	1
-1.176572208	-8.812661886	2
-0.02899904813	-4.424358905	1
0.02984915458	-3.669635863	1
0.4117518168	0.5954486318	1
-0.3611022716	-7.716884054	1
0.02552431107	-3.642162065	1
2.672544878	5.474898535	2
7.573694387	4.194327758	4
0.7657090151	4.268476138	1
-0.154905182	-5.659431486	1
0.6848773484	3.392628264	1
1.950551582	2.802897267	2
1.036808982	-0.5604247371	2
1.162164603	9.055364305	1
-0.241914562	-6.265168447	1
-0.2213007214	-6.252374062	1
0.828779728	4.962441427	1
-5.587467035	-6.896414651	4
-0.5100101373	-9.017036192	1
0.9243753664	6.293584201	1
0.1850635987	-1.938357172	1
0.1142702694	-2.692024586	1
1.256718677	9.456252456	1
0.7761044008	4.531993581	1
0.1259533223	-2.412432163	1
0.8258082746	4.936267775	1
0.4280417992	0.8510118458	1
-0.4902100511	-9.261334267	1
0.4420805388	0.8972909599	1
0.5654700187	2.285122132	1
0.09131423227	-2.681393901	1
0.1814951624	-1.818812467	1
-0.3665348245	-8.018495114	1
-0.02822792054	-4.268979138	1
0.9564998071	6.48515495	1
0.2378775679	-0.9390253304	1
0.9984256338	6.928065439	1
0.7876659422	4.670373309	1
-0.3679225661	-7.924619301	1
0.3318865651	-0.04313402878	1
-0.2120791116	-6.113121721	1
0.7038167876	3.619502414	1
-0.1046689169	-5.044872185	1
0.5700190107	1.923126088	1
1.228564308	9.241343459	1
3.307670672	7.854170649	2
-0.3947327326	-8.031714777	1
0.4821210846	1.197148191	1
-0.2568850293	-5.386971112	2
1.120835264	8.144074178	1
1.347552455	10.36159658	1
0.5107630641	1.508077647	1
0.3220920559	-0.1968592558	1
3.521569735	5.08623554	3
0.4434023786	0.8007264186	1
0.4088301909	0.6147421692	1
-0.1892419191	-5.916332026	1
0.5435491655	2.10586047	1
1.099161876	7.9022335	1
1.03675179	7.376740533	1
1.340600868	10.4903451	1
0.1435874365	-2.400511532	1
0.350153526	0.03668884066	1
3.224311379	7.528096142	2
-0.3946086303	-7.902075157	1
0.2949582531	-0.887884921	1
-0.5123508109	-9.184025472	1
-0.004521571942	-3.759724636	1
0.6795666364	3.393157044	1
-0.2402636235	-6.366268038	1
0.09141033655	-2.899495131	1
-0.3217521226	-7.165086544	1
-0.1147829132	-4.846873019	1
-0.1279997796	-5.411407592	1
-0.05926656609	-4.603539672	1
0.7095840091	3.631089918	1
-0.3774617335	-7.943978018	1
2.097859251	3.446204598	2
0.5358813403	1.937461241	1
1.220599383	9.327546957	1
1.255195539	9.508879092	1
0.7032059898	3.389811982	1
0.1311661174	-2.212882334	1
0.2258905123	-1.733286865	1
-0.4862859216	-8.8105351	1
0.702281651	3.636484	1
0.5894629248	2.614263418	1
0.4264294794	0.61630888	1
-1.129598998	-3.166771762	4
0.7044863469	3.668967008	1
2.212151596	4.815095552	3
0.6311984303	3.01148375	1
1.176746256	8.816983241	1
-0.08373630885	-4.638573072	1
0.6806771429	3.346926124	1
0.09829441741	-2.820491761	1
6.61223499	3.380945905	4
-0.2404858299	-6.219911419	1
-0.4860171532	-8.944226649	1
3.60986435	0.8180776054	4
1.128899029	7.898740627	1
0.03964947028	-3.418923308	1
-0.1758855381	-5.69301331	1
1.222083133	9.366075184	1
0.5355929182	1.94907456	1
0.8456373483	5.477366642	1
0.9886063357	6.498699024	1
-0.3548639658	-7.583543075	1
-8.925764001	2.035440608	3
1.137390382	8.490041356	1
