-1.777800039	0.6966918573	1
4.149488496	2.67387169	2
-10.23644957	-6.81969882	2
-8.226852568	-5.494272273	2
-7.698502479	-5.153867699	2
-2.129107867	0.3067809734	1
3.933466345	2.544957901	2
-3.304705943	-2.252572211	2
-6.558068274	-4.383589514	2
-1.77594718	0.683091563	1
-9.235715943	-6.150531111	2
0.780468577	0.4547568316	2
-3.561751755	-1.309076414	1
-4.17829501	-2.024776832	1
-0.6000675612	1.99869466	1
-7.997611128	-5.333113103	2
-5.343152633	-3.60922979	2
0.6046529941	0.3253379835	2
-2.646332334	-2.110250559	3
-5.678995828	-3.670528427	1
-7.105936364	-5.305850993	1
-0.8420428343	-0.6398088107	2
-6.557635759	-4.404014048	2
-5.39985805	-3.624889586	2
-1.585596789	-1.101326951	2
1.442629484	0.882136757	2
0.933892167	0.5686737294	2
-0.4704336641	-0.3549812605	2
0.9683863244	3.759872817	1
5.908604936	3.812134859	2
1.465705875	4.295316116	1
-5.235432465	-3.20116934	1
2.227581908	5.163879058	1
-3.523320966	1.54778551	4
-3.55077857	-2.411678025	2
5.150222731	3.337803982	2
5.427598152	3.523230699	2
-1.118527301	1.431146911	1
-5.756902523	-3.765845677	1
-4.189328132	-2.034834984	1
-9.2128402	-6.129389818	2
-5.811102426	-3.89739535	2
2.693283725	1.724029971	2
4.589329002	2.981672331	2
-3.350610087	-1.097462711	1
5.757869607	3.745579796	2
-7.997448498	-5.339874464	2
0.3522144543	0.1696444691	2
3.021909046	1.944355997	2
-5.038061329	-2.986122489	1
-3.434827234	-2.322864998	2
1.073663597	0.6315019115	2
2.193009863	5.172278769	1
-3.293244026	-2.254695442	2
-2.457828058	-0.09377933794	1
-3.655211464	-2.470123156	2
-9.203793094	-6.141636675	2
1.775520923	1.118574364	2
-9.335513807	-6.203134945	2
-4.918055633	-3.303023895	2
-6.88801159	-5.052183619	1
2.96094593	5.995772156	1
-6.77381045	-4.927474189	1
-5.540386391	-3.727422411	2
-3.36648894	-1.111009321	1
-6.38453105	-4.257580812	2
-9.81004272	-8.331996216	1
-0.2897806134	-0.2599879423	2
-1.855481081	-1.273899976	2
-5.500718735	-3.682001034	2
-4.581013781	-2.467633863	1
-0.6011646961	-0.4604543075	2
2.272498245	5.157534182	1
-4.235472164	-2.837589024	2
-4.168479912	-2.814908843	2
-0.7460777185	1.855123098	1
-3.01299531	-2.035749318	2
-5.922309862	-3.97439665	2
3.491518365	-3.59813787	4
-1.148343536	-0.8376060335	2
-6.505454729	-4.349944836	2
-5.125310291	-3.430596211	2
-6.921073443	-5.097008715	1
-6.141301314	-4.115503851	2
-1.328901069	1.198398109	1
-5.942610018	-3.967051304	2
0.5252217651	3.276474465	1
-7.635506034	-5.095686065	2
-4.236315755	-2.86132826	2
1.731172166	4.593165166	1
1.906207089	4.799454394	1
-1.693266167	-1.18140437	2
-8.00604758	-5.348218943	2
-4.675453403	-2.580840074	1
-1.791503299	-1.248339584	2
-8.08290444	-5.419352069	2
-5.709100616	-3.718310524	1
2.332456233	1.44448301	2
-9.513165895	-7.96786489	1
-0.01339337802	-0.06828664226	2
-2.392762889	-1.659487884	2
-5.549828238	-3.556566097	1
-0.1853681672	-0.2041919159	2
0.8973970284	0.5254027963	2
-1.647319515	0.847500272	1
-2.17710524	0.2437447112	1
-9.842622783	-8.380327768	1
-5.33732594	-3.581251055	2
-4.397130466	-2.980236864	2
-2.284398768	-1.562950529	2
-7.731356181	-5.158090702	2
-7.075365341	-4.732388426	2
-1.631332304	-1.13454844	2
-9.890158999	-8.418952887	1
3.729030502	2.417907352	2
-0.4291613194	2.185262835	1
-0.8319818788	1.75221473	1
-9.512396296	-6.340508398	2
-8.593723983	-5.732897077	2
5.4893385	3.576386491	2
-6.201810226	-4.272758033	1
-0.1805528449	2.458176252	1
-7.031539586	-5.212079409	1
-3.327878506	-2.241453888	2
0.7651586586	3.528180194	1
5.772707225	3.766651699	2
-0.3517206568	-0.2982652808	2
2.001598967	1.261754294	2
-7.914390334	-6.203723003	1
2.588777677	1.64801163	2
5.019263423	3.268382042	2
-6.40721493	-4.498323485	1
-3.893422717	-2.6169855	2
-2.669715764	-0.309243975	1
-5.488672522	-3.51230062	1
-6.729924493	-4.862414143	1
-4.665246642	-3.134193476	2
3.186664177	6.248569504	1
2.57024002	1.645865957	2
2.467064189	1.566773427	2
-0.1868494244	-0.1687979139	2
-4.094132497	-1.931616263	1
-3.236819794	-2.209123097	2
-2.272430331	0.09907109555	1
-5.05679616	-3.39736003	2
-9.701299524	-8.183178986	1
-7.369555144	-4.932709804	2
4.66996342	3.021148905	2
-4.852641463	-3.239529342	2
-7.717102707	-5.166458113	2
-0.5706829624	-0.4386292055	2
-3.258752129	-5.791677213	5
3.829287897	2.462152007	2
-8.723942169	-7.130033094	1
2.515123727	1.599840015	2
-0.8848594362	1.679629695	1
2.327490972	5.252204037	1
0.7666568582	0.448086339	2
3.305093699	2.127451298	2
8.772285005	-7.477684538	4
-3.745106181	1.73642336	4
-6.458959161	-4.561117699	1
-8.393590703	-5.593413453	2
-0.9875828636	1.584365964	1
-6.006112277	-4.03235412	2
-2.705277881	-1.856791365	2
5.906925149	3.831311977	2
-7.580902081	-5.059904244	2
1.961745093	1.213311686	2
3.167062441	2.033595932	2
1.304425387	0.8052906541	2
1.984342467	1.254346689	2
-0.1388595185	-0.1522485185	2
-6.014837778	-4.08238428	1
-4.360780611	-2.229248895	1
3.12514866	6.169724993	1
-2.747571806	-0.4279748027	1
1.960958696	1.235768297	2
-8.138720208	-6.461714602	1
-8.01412027	-6.312847805	1
-0.7711625285	-0.5713650062	2
1.339164556	0.8351491296	2
-5.466100847	-3.437510487	1
2.142605998	1.360429029	2
-5.425398114	-3.434628869	1
5.649960486	3.670081373	2
-2.11305136	0.3180314029	1
2.121551254	1.330134462	2
4.28372891	2.764229935	2
2.82967511	1.79673861	2
5.874027972	3.828758862	2
0.5903646342	0.3574501144	2
-9.016068857	-7.436310551	1
-5.925949322	-3.980018831	1
3.586333135	2.302181377	2
-4.921126222	-2.845827148	1
4.926608335	3.189593128	2
-8.72822048	-7.119921111	1
-3.337784494	-2.266656476	2
4.833764334	3.140575348	2
