2.771683018	-3.333359905	1
-6.286837478	3.750014305	1
-4.478564517	2.381469613	1
-4.537197504	2.361283629	1
-3.716660646	1.764747211	1
-1.831488099	-6.994014034	2
6.944508188	-6.510413195	1
-2.40864346	-0.7965329869	3
-3.982766527	1.96866001	1
-5.524294995	3.180886228	1
7.83130528	4.698988041	4
-4.962848429	-2.702972896	5
2.040088048	-2.790464575	1
2.072668058	-2.731865436	1
-3.416934999	1.57275041	1
-1.868523769	-6.96628325	2
3.965674475	-4.203487142	1
-3.461178193	1.641753774	1
-9.383357439	-1.981735166	4
1.67251097	2.274532475	4
-10.9025906	-1.468065538	3
-6.704351825	-1.140769837	3
-2.495179294	0.6124287244	4
-7.32472523	-1.188284884	3
-1.266988642	-0.2089742301	1
-0.8566265502	1.339084069	4
1.026414252	-1.967099489	1
-1.109815907	-0.272613704	1
3.037305624	2.770604998	4
-1.592856962	-3.234481837	6
-0.6288853248	-0.6845078912	3
6.310613989	7.304746749	5
1.898120759	-2.550500223	1
7.469283241	-0.09459642601	3
7.678754478	8.588040559	5
6.276554603	-6.016072466	1
-0.8796855184	-4.729321801	2
2.758949362	-3.269009285	1
1.254299939	-2.163010637	1
-8.729275011	-1.715506395	4
4.180382783	-4.353915462	1
-3.905798232	-0.9253274426	3
4.945816455	-5.019904099	1
-3.646657641	-0.9241363999	3
3.054062609	5.636573501	7
2.12758941	-0.4964945849	3
-1.410196476	-0.07186036542	1
-5.168647977	2.885095816	1
4.547772817	-4.777916113	1
4.749389246	-4.836044687	1
2.13188394	1.835513825	2
6.087217693	-5.818881713	1
-3.133358978	0.4729787571	4
3.196505796	-3.661404378	1
3.0317121	5.18673479	7
1.152942074	-2.035365221	1
-4.899788913	2.719398827	1
6.46091973	-6.095177195	1
2.161368556	1.965435986	2
3.734374287	4.98997445	5
0.3420702592	-0.6342421032	3
3.525805699	-3.894889207	1
-5.663574306	3.349963924	1
1.035337	-1.910047242	1
-4.874203982	-0.2987569438	4
3.219765231	-0.4242798325	3
2.730475007	-3.213692318	1
-2.21532297	0.7527970335	4
-4.555954522	2.453712313	1
3.561388602	-3.979219075	1
1.821238088	-2.560496801	1
4.672615947	-4.811857817	1
5.846703838	-5.740756511	1
-4.479638408	-0.9678057681	3
0.8846716189	-1.911418849	1
3.068075837	3.93723441	2
7.783114232	-7.190818813	1
4.250661726	-4.482228669	1
-3.628721319	1.681642403	1
0.414706923	-1.545837782	1
-8.451679737	-1.279495536	3
-4.320730091	2.099618515	1
-2.010791537	-0.7885215198	3
4.642738759	7.37804348	2
2.489827997	2.59446426	2
-3.036159586	1.175319368	1
-3.482624118	0.2983918848	4
-5.943011343	-1.071574898	3
-2.443511942	-8.234825637	2
-6.882839285	4.24761411	1
6.912031631	4.302856206	4
-1.109290095	-5.30451974	2
1.891426376	-2.620867623	1
-7.466678917	4.642327422	1
-5.736843243	3.268768422	1
1.992150418	2.426327844	4
-7.264950503	4.38038572	1
2.881608118	3.443521669	2
-4.817904036	2.700613239	1
3.37973355	-3.544238225	1
-0.3953618821	-0.7859510449	1
3.461702332	-3.880149606	1
3.507039625	-3.876533092	1
-4.444432545	2.278054406	1
7.389365696	-6.825186875	1
-2.387501988	0.7042008083	1
-6.668940859	-0.9731575927	4
0.6115223875	-1.5611685	1
-1.984065714	0.3141388929	1
1.956886049	-2.707082077	1
-3.105538069	1.198060446	1
-0.9088411467	-0.4290921652	1
1.705754601	-2.382349036	1
-4.65271763	2.525698465	1
-1.970872564	0.3564759481	1
-7.377195247	4.609831347	1
2.654343677	4.048412289	5
-4.498589555	2.46879726	1
6.174534573	4.036598209	4
-7.677064088	-1.264007135	4
-0.1354264705	-1.055032545	1
-10.16625704	-2.238375943	4
-1.791023737	-6.81951355	2
-9.201185164	-1.856720837	4
-0.1429876676	-1.131232085	1
-5.863737513	3.407762107	1
2.783431334	2.708774933	4
-3.387918609	1.661751187	1
-1.878248161	-0.7894064342	3
3.696633985	5.255530396	2
6.498800811	7.426903973	5
-7.449979227	-1.218926142	3
-11.24223668	-1.472085075	3
-0.3392867713	-0.8763829151	1
4.266758484	-4.489353123	1
-0.3585143074	-0.8336637372	1
1.552341047	-2.237537384	1
1.143561574	-0.3824442532	2
-5.860447944	3.345084341	1
6.285488613	-5.968946895	1
5.778920024	-0.2010824393	3
-5.347631806	3.153367556	1
7.754167724	-7.209481469	1
-0.8799419532	-0.4099267459	1
-2.491742818	0.8040236692	1
0.6285446131	-1.636034487	1
3.415033014	2.931921684	4
-7.148466854	4.320901749	1
7.138075276	-6.719132281	1
-4.076369434	2.042425641	1
5.374236285	-5.372261749	1
1.751381362	-2.497411844	1
-4.805782635	2.561651384	1
-0.3477863058	1.521000953	4
-6.099230644	3.656804423	1
0.5690767942	1.863621782	4
-5.618542941	-0.5713085412	4
0.8471175426	-1.951404224	1
3.946008498	-4.246914779	1
2.241904694	-2.915889367	1
-5.531153854	3.033910953	1
1.754409408	-2.402249593	1
0.285207466	-1.347495899	1
-6.243515566	3.707369183	1
-5.543430037	3.145124143	1
6.460178569	-6.246209624	1
-0.5356916581	1.42099656	4
4.587348524	7.284388905	2
-0.3081489553	1.527711692	4
-2.138153302	-7.551083168	2
2.995402249	4.399045247	5
7.763304167	-7.199415039	1
-3.378974982	1.481211069	1
-1.198494387	1.207973397	4
-6.366398512	3.794740494	1
-7.697375399	-1.329549313	4
-1.767283204	0.3253135056	1
1.985601334	-2.643114539	1
-0.435928201	-0.7371413324	1
-5.371083362	2.962722306	1
0.1344950747	-2.636523159	2
-3.411374698	1.568300286	1
3.15837441	2.836858513	4
-4.763473387	2.593896702	1
-4.179525327	2.02688445	1
-2.1514168	0.820851392	4
-3.168184318	-0.8986281423	3
-3.016187736	1.328825256	1
4.676173419	3.48680347	4
-5.556302398	3.328820374	1
2.702008099	3.039479377	2
4.676545316	3.404109629	4
-9.666631433	-2.096083484	4
4.98640326	6.196321247	5
-0.0530229302	-3.002533541	2
-4.186243387	2.071209494	1
-5.94882501	3.448877915	1
-10.77284352	-1.438678795	3
-3.748124274	1.831743021	1
-5.168722173	-0.3188327136	4
