0.7247734364	3.993819296	1
-3.167110506	6.939610549	2
4.92755147	4.135500394	3
-2.149766852	-5.14488988	3
-4.017115186	-7.499847562	3
-1.012761241	-3.130357265	4
2.537301708	0.9708210325	3
5.818855718	5.349359124	3
6.527429183	6.235569149	3
3.685292173	2.526754341	3
3.781231774	2.589638156	3
-3.844046627	-7.416340247	3
0.8998169238	-1.071159648	3
1.058155023	-0.9382802732	3
5.662885833	5.079408723	3
6.399354207	6.044184848	3
-0.625139534	-3.125241764	3
3.008365825	1.592849199	3
-3.219711823	-6.596193755	3
-0.2230808181	-2.624108269	3
-0.101586093	-2.454422339	3
-5.540725079	-9.599944425	3
-2.044882883	4.700750026	2
2.820165323	1.358588146	3
0.6817377351	-1.421673155	3
-2.721145985	1.246568055	5
-3.163039031	-2.260616648	6
2.746866238	1.215672331	3
3.126043462	1.705573419	3
-1.889144195	-4.806781209	3
1.761774979	-0.1006582893	3
-1.462093188	-4.299972102	3
-2.678331009	-5.897063193	3
2.251313074	0.6271130734	3
2.930332256	1.55207708	3
2.72466792	1.33371266	3
-2.768624604	-5.967017246	3
3.029470409	1.646074653	3
-4.186390614	-7.811580259	3
-5.090466188	-9.001245627	3
-1.172325551	3.012442238	2
4.126155951	3.145363683	3
5.046301798	4.385115044	3
-0.3450390885	-2.872876547	3
3.385560529	2.118471186	3
-3.87576822	-7.379730254	3
0.4204873438	0.2356916891	6
4.080958104	2.984540274	3
4.46703458	0.9884276461	7
-2.128624965	4.939349711	2
1.472471481	-0.3427087391	3
1.04877301	-1.049006823	3
3.194426761	1.868479936	3
0.4604355024	-1.79021596	3
-2.724479267	-5.916971197	3
0.7248279962	-1.376652157	3
-2.686046661	6.029271329	2
1.492481001	-0.3353564096	3
-3.18409019	-6.506971374	3
4.775427916	3.948513292	3
-2.611110319	-5.742516847	3
5.305639238	4.646811707	3
3.779784948	-6.602875909	2
0.9655245485	-1.090326674	3
0.235852964	-2.028658222	3
2.769528466	-4.740514756	2
0.1712799075	-2.05276845	3
-4.196903278	-7.818476828	3
6.190494462	5.78728211	3
-1.391690543	-4.170760123	3
14.07299362	-5.5983094	8
-1.368660783	-4.217619573	3
3.822719622	2.744072494	3
-2.40801238	-5.47257569	3
2.143970523	0.4763773321	3
1.543905697	-0.357330882	3
-2.485268508	-5.550437339	3
14.22625509	-5.638281158	8
0.5396547911	-0.3488617476	2
7.540784389	4.950113105	9
-0.3252331846	-2.801133989	3
2.840981798	1.458035046	3
-2.310003221	-5.37791501	3
0.8449400313	-1.259681651	3
-4.475289618	-8.235722681	3
3.31650556	5.937398672	10
-0.4757358098	-2.949533333	3
4.680396068	3.74974609	3
2.774556889	-3.38009696	11
-1.767552661	4.280312813	2
1.015491997	-0.9858261422	3
0.2355404865	-2.027230231	3
1.181109364	-0.7934093895	3
-0.5421173128	-3.048578481	3
0.4178780453	-1.769648611	3
0.2385954309	-2.04615603	3
4.465413118	3.546148903	3
-2.782016272	-5.947399335	3
4.197394535	3.136447643	3
-0.247965334	-2.618541994	3
-2.985937227	-6.303244673	3
-3.709021951	-7.25228687	3
-1.48831006	-4.21779064	3
-4.385389378	-8.00680933	3
-4.429229921	-8.07934087	3
-2.329772276	-5.432981242	3
3.27692078	2.009458236	3
2.083521772	1.400513107	6
14.9653264	-5.93277156	8
2.347121794	0.7812808013	3
4.672645041	3.770911499	3
6.122767547	5.696566296	3
0.7420202813	-1.300637567	3
3.008744236	1.56835696	3
-4.271101512	-5.176841735	7
0.6115777284	-1.455038669	3
4.469206613	3.487091754	3
6.322073836	-2.602754125	8
-3.94978857	-7.432503424	3
1.514518699	-0.3311325659	3
-2.946386066	-6.168936354	3
3.366647453	2.03883767	3
4.193506501	3.140315372	3
-4.86344488	-8.726810166	3
1.249026571	-0.7616177308	3
4.99228539	4.152124365	3
4.436788845	3.503492942	3
5.165325809	4.383656618	3
-4.905743669	-8.803188314	3
4.706747614	3.756024613	3
-7.061492062	-0.8006225122	10
-2.774799601	-5.92026546	3
-3.314796179	-6.69026897	3
0.8766295753	-1.214709932	3
-1.499761309	-4.27969395	3
3.329675766	-3.733558077	11
4.813970419	-8.692688257	2
2.580988498	6.931940816	1
-3.491462644	-1.126086108	9
0.9513035623	-1.171841126	2
1.728041782	-0.0761963037	3
1.069977115	-0.9240236938	3
3.034877692	1.666063081	3
0.1536482929	-2.154914636	3
4.37530071	3.40768835	3
-0.1790459902	-2.57437539	3
2.334564445	0.7007896911	3
-5.056875166	-3.569712932	6
-4.935618881	-8.773883812	3
-4.115447603	-7.76397892	3
-1.018020008	-3.583507818	3
0.9083944422	-1.135620138	3
-3.302099695	-2.422906736	1
2.692455094	1.211010105	3
5.704854155	5.155092792	3
0.4796491623	-1.704063842	3
3.828124857	2.65897062	3
-4.835301005	-8.737393311	3
-2.096074678	-5.089808411	3
-1.740047247	-4.638787832	3
0.4593647857	-1.646876111	3
0.3540269579	-1.786419381	3
0.6523227053	-1.508040578	3
5.367318738	4.694840403	3
-3.350955218	-6.725385065	3
-3.003258538	-6.228390399	3
-0.7333662048	-3.360161924	3
-0.4272138182	-0.3509600454	6
-1.534479495	-4.305815441	3
-2.191469976	-5.292893484	3
-4.660111072	-8.438814228	3
2.703407449	1.230580679	3
-4.820695938	-4.880976129	1
-2.456474112	-5.517367168	3
-2.049942756	-5.02012743	3
-7.308629881	-0.9640530072	10
2.568716304	1.011112919	3
2.505005083	0.9668030054	3
-3.561794982	-4.690117275	7
0.169326622	-2.070956816	3
-5.045594536	-8.885805133	3
4.243889361	3.203754688	3
0.4666742061	-1.730017816	3
-1.412905445	-1.043440654	6
-0.531721707	-3.046084886	3
-1.955942391	-4.885260815	3
-3.131131265	-6.477340747	3
0.6958047698	-1.448984407	3
-1.414801496	-4.205725781	3
4.254785106	3.170758693	3
2.39931226	0.8427225331	3
5.681461368	5.098537712	3
2.614607866	1.11371936	3
3.312791263	2.020791642	3
2.044370496	0.331220821	3
4.305930553	3.270323177	3
0.6335642549	-1.573902173	3
-1.361882513	-4.08288742	3
2.436204327	0.8248830626	3
6.050709967	5.686059649	3
