-0.1697665935	-11.23581168	1
-5.955722278	5.365289172	2
0.335325163	6.564283644	1
0.03179430012	-5.818599477	1
3.401781392	-3.205409455	2
-0.1195517142	-9.374292417	1
0.2913613907	3.143760413	1
1.545585315	-1.483079343	2
-7.077397396	6.407914499	2
-7.023277621	6.342235049	2
0.11818117	-1.426321155	1
-1.59785648	1.401695818	2
3.604901391	-3.37373656	2
0.5810634399	-0.6206828168	2
-5.327577902	4.788886487	2
0.1732172692	-1.376524345	1
-7.378395006	6.660391335	2
-7.525241653	6.778713138	2
0.08231097098	-1.733943323	1
-3.94156064	3.492972147	2
-0.0780075805	-9.007273269	1
0.3608231712	6.294473352	1
-0.5172707338	0.3879514449	2
-0.3608147491	2.295733874	3
4.260720326	3.272459671	4
4.000830299	-3.740988623	2
0.206248412	1.024662525	1
0.01993612065	-6.187215753	1
2.304612599	-2.179925681	2
-7.141717153	6.448895695	2
2.985308984	-2.807157327	2
3.259710998	-3.065504375	2
-6.632143953	6.002694083	2
4.085388817	-3.834156777	2
0.4160083798	-0.4882381287	2
0.02394406658	-5.152347948	1
0.336408807	3.477952282	1
0.8233094594	-0.8391951408	2
4.947532459	4.406415968	4
0.1656166498	-1.54617654	1
0.007268849104	-5.07527134	1
1.600479795	-1.562270506	2
4.578051159	3.746852887	4
0.1077692552	-2.928400048	1
3.775261147	-3.542223686	2
0.3119381949	3.195810544	1
4.767706686	-4.442108989	2
5.0759807	6.687171089	5
0.2075032125	2.207209069	1
-2.801843115	2.499184237	2
0.03816633998	-4.101828974	1
-6.925972009	6.27270627	2
-4.898966699	4.409376219	2
-2.44456377	2.152441408	2
0.08753227353	-3.039555838	1
0.2694099654	2.167492423	1
-6.439293305	5.792421	2
-4.15792509	3.710181326	2
3.790799107	-3.564609911	2
0.3510532303	5.257886634	1
0.4771411544	7.676742826	1
-0.2965778645	0.2232758392	2
-1.218691372	1.043603327	2
-0.001524284628	-8.069369645	1
-2.025458434	1.760680159	2
-0.04304051575	-6.47786054	1
0.4172782316	7.977165993	1
1.401367351	-1.357413552	2
0.000243452947	-6.680483321	1
-7.66915291	6.924117339	2
-0.1240743459	-11.07599531	1
-2.390046043	2.103951136	2
-6.133555911	5.514569351	2
0.1582959679	1.361738704	1
0.02478584644	-4.111300613	1
0.2735752843	4.043633542	1
0.3094963154	2.834322532	1
-3.194735641	2.834632984	2
0.1312234062	-0.2046753728	1
-0.1131151556	-8.36419151	1
-0.002309257706	-6.642215412	1
-0.01674820098	-8.098217653	1
-4.149173648	3.723184736	2
0.3955513202	7.00137247	1
0.4128438416	6.380457283	1
0.02810947954	-5.777700816	1
-3.424693958	3.079485027	2
-0.1041244708	-8.256023849	1
0.124355093	-0.7360315336	1
0.3116184119	5.309857816	1
6.726323609	-6.256605863	2
0.3964406762	6.976962451	1
-0.1279387558	-9.361873906	1
-3.058221789	2.716605004	2
6.54819778	-6.058263253	2
0.03258263183	-4.595164819	1
-0.1368360183	-9.996314134	1
0.3586149363	6.860706321	1
-1.448716788	1.239932523	2
0.3830123859	5.424498002	1
-1.534174889	1.314717425	2
-6.74659886	6.081821201	2
-0.08976160311	-6.920793203	1
0.2177095362	1.460477423	1
0.3147112952	3.655607299	1
0.1030788344	-3.922983556	1
-0.1216119373	-9.188771565	1
-0.05315055795	-4.966929926	1
0.3938846562	6.686891701	1
0.004340030662	-4.723424934	1
0.01924179346	-7.067337674	1
-2.455697834	2.164033683	2
-7.368622905	6.6092868	2
-7.613075522	6.873614306	2
0.1273431266	-0.1889947419	1
-0.05481042963	-7.139662288	1
0.2799019599	2.61308925	1
-0.5805702621	0.4552926021	2
0.2780279782	1.705475598	1
-5.105021198	4.59824617	2
-2.521257908	2.212226236	2
-3.469773809	3.096057047	2
0.2589392487	3.164355744	1
0.1427973268	-2.942001156	1
-0.1042856084	-7.310012366	1
-0.04678254628	-9.821228487	1
0.2861542369	3.899472141	1
-0.1751706088	-11.06210716	1
5.082396245	6.433068016	5
-0.5911237396	0.4529632264	2
0.2642968886	2.414239177	1
0.1078103499	-2.778002265	1
-2.21849424	2.922524136	6
0.03329102184	-4.679076129	1
4.162527982	-3.895594487	2
0.2715514663	5.055249227	1
3.414710518	-3.215075444	2
0.2065723711	2.917916297	1
0.2033569027	-0.4691305709	1
4.228792594	-3.949942256	2
0.1667512344	-1.184091299	1
-7.301585822	6.593372078	2
0.2814973266	3.035342875	1
0.08501558447	-5.970789272	1
-0.5747965386	0.4561957803	2
-0.1511112948	-8.999306665	1
0.2446073756	-0.3009904986	2
-0.164248872	-10.86142305	1
-1.587871492	1.350269776	2
-3.548148647	3.146298464	2
0.3813469621	-0.4179290673	2
3.731050713	-6.328511505	5
4.105466216	-3.8481941	2
0.03641716466	-3.537274544	4
0.170950246	-0.2029403935	1
0.2606745474	1.709859682	1
0.07979362788	-2.731351498	1
0.1812306731	0.04135675395	1
-4.307080841	3.86115248	2
4.780002992	-4.442414882	2
0.2783358228	4.892722229	1
0.2940505045	3.853827351	1
0.3520484339	5.761983879	1
0.3675073917	3.410910054	1
-3.771936208	-9.787750288	4
-0.06669118656	-7.924674343	1
0.3588757649	6.938023025	1
-2.763173682	2.458088301	2
-0.1815255298	-9.512811292	1
0.2404812684	-1.169586257	1
0.06991369441	-3.454547139	1
-0.06053964591	-8.057178024	1
0.3975034639	5.956695976	1
-2.849168437	2.532541877	2
-0.103691683	-7.902265232	1
3.029209308	-2.846514281	2
-0.3417361863	0.2254920577	2
0.7383592393	-0.7534576867	2
0.3651769891	6.318096905	1
0.323657698	5.455049953	1
0.2910018256	2.842168758	1
0.0465848896	-4.313921766	1
-0.1086699529	-8.133652143	1
-5.723631849	5.15715361	2
5.875720255	-5.484863974	2
0.2616859413	2.998095166	1
0.2100178093	1.367378588	1
-6.913548698	6.2417266	2
0.4042382585	8.2200571	1
0.1030359716	-3.246113009	1
0.3198815412	2.926242623	1
-0.04448574148	-8.401381892	1
-4.964620375	4.458693968	2
-5.042839422	4.52087343	2
-0.01084858337	-6.526673477	1
0.1495604891	-2.906373374	1
0.05730776423	-4.718910101	1
0.368595225	5.667693859	1
0.0642319664	-4.062924431	1
4.726811615	3.609845822	5
