-2.478558207	-9.182908617	1
-1.587105269	-4.312414811	1
-1.167794887	-2.194836891	1
-0.07447869704	3.881429511	1
-0.8020139426	-0.2218647497	1
-1.57306506	-4.546242491	1
0.6373046225	7.575299467	1
-1.459898203	-3.842317952	1
-1.981568479	-6.459316383	1
-7.526240661	-10.44508388	2
-1.535897067	-5.31589385	2
-1.490516273	-3.938505774	1
7.82470074	-1.86814034	3
-0.9068649125	-0.7064607207	1
0.764266575	8.307603483	1
0.7969248115	8.427286495	1
-1.884703151	-6.11160589	1
-0.1098142879	-0.6849922971	3
-2.640962206	-10.0756615	1
-3.367896429	-6.876027166	2
0.6019510114	7.35807348	1
-6.94991028	-9.995057105	2
8.837311761	-2.027220405	3
-2.389339791	-8.940747467	1
-1.579498609	-4.40591377	1
1.376348534	-2.82583837	2
-2.6120816	-9.606640981	1
-2.36020541	-8.461489256	1
0.1309102417	5.001453771	1
-2.6203799	-9.922336988	1
-0.9082971382	-0.7527361997	1
-1.378124765	-3.229043822	1
-0.04649525048	-4.011434497	2
-0.5371624833	1.273014186	1
0.7465621493	8.244384436	1
8.321703299	-1.961975709	3
-0.5301004312	1.388563043	1
-0.1867079982	3.170553243	1
0.7726225674	8.370752945	1
-0.7290103287	0.3891434457	1
4.924286632	-1.434699934	3
-2.798076677	-10.99680826	1
10.80761574	-2.331294787	3
-0.8077665957	-0.2466627923	1
-0.7307687904	0.2482429198	1
-7.136482291	-10.08749362	2
-2.311700593	-8.41916221	1
-1.68824827	-4.894277256	1
-1.644756521	-4.795156876	1
-6.470448026	-9.5459293	2
-1.070377009	-1.588349558	1
0.6488436351	7.555727051	1
-1.498695549	-3.882594625	1
0.5659506169	7.228198005	1
-5.972797391	0.3190535453	4
-1.403265487	-3.398387795	1
-1.058063878	-1.453998474	1
-0.9781335375	-1.068008326	1
0.4709556019	6.586351919	1
-0.4470661266	1.753397098	1
-2.774102239	-10.91505718	1
9.889861529	-2.175697447	3
-0.2761856348	-0.6361294739	3
-1.89160862	-6.17398975	1
-0.5417985118	1.181651965	1
3.837455345	-0.6747505922	2
0.03692696762	4.293072239	1
-2.068443129	-7.018960332	1
0.6267423693	7.694409365	1
-1.360640721	-3.149302779	1
-0.89381933	-0.7263968023	1
7.598516194	-1.858281629	3
-1.115699164	-1.769683821	1
-0.952614883	-1.03725521	1
0.7479170254	8.229592623	1
-0.07222344268	3.729194431	1
0.6275609799	7.687065098	1
0.5323935539	7.204675855	1
-2.509467946	-9.493704202	1
-2.78354815	-10.92790439	1
-2.239988853	-7.809356494	1
0.3617539826	6.176781009	1
-0.3057986066	2.492416306	1
-7.783773844	0.5024711516	3
-2.726799235	-10.59682988	1
-0.9337229404	-0.8684889243	1
-6.185906417	-9.343367184	2
-1.137255395	-4.938882534	2
0.06249941409	4.398207887	1
0.4938675042	6.814664152	1
-1.430346334	-3.755489067	1
-1.926772166	-6.400081694	1
-0.1016674509	3.531990317	1
-2.044204561	-6.900672947	1
-1.950358055	-6.26980124	1
-1.064259637	-1.630212789	1
-0.6752333499	0.4944846656	1
-2.38665132	-8.697008778	1
0.4576308236	6.66810161	1
-2.351985994	-8.38336543	1
-0.3528107054	2.25229746	1
-1.354946847	-3.093491829	1
-2.48156455	-9.160017154	1
-2.174652762	-7.629355923	1
-1.729416608	-5.078092918	1
-0.04614144431	-4.033993119	2
-0.4307947494	1.902830945	1
-2.329092	-8.642512656	1
0.7501448484	8.261364273	1
-2.012277544	-6.687802928	1
-8.201475195	1.536241133	4
7.854798924	-1.860748685	3
-2.765396289	-10.70722137	1
-5.700654704	0.2356426237	4
-2.321409086	-8.213540465	1
-2.739603347	-10.49531546	1
-0.1135702244	3.576549533	1
-2.119367105	-7.175444161	1
-1.288546729	-2.74858847	1
-1.822370825	-5.651552708	1
-2.18336938	-7.621846312	1
-2.344986881	-8.482020377	1
-3.652522612	-0.1222903852	3
-1.511425269	-4.157541533	1
-2.319295289	-8.470088195	1
5.627499559	0.7922235575	2
-1.148148102	-2.094198803	1
-1.396372537	-3.258611863	1
0.03098528718	4.373281157	1
-1.164725449	-2.10557444	1
-1.124303015	-1.832081014	1
0.0688164969	4.603859992	1
-1.93728868	-6.566278422	1
-2.178304801	-7.59875217	1
0.3350803593	5.93088667	1
-1.243188605	-5.066758775	2
0.3867517287	6.31066453	1
-2.605522168	-9.973904089	1
-1.812472391	-5.712773258	1
-1.752887376	-5.325502671	1
-1.812151374	-5.685384516	1
-1.045253305	-1.698548868	1
-1.952996809	-6.349638374	1
-1.702531796	-4.959640266	1
-3.789598097	-0.1109401755	3
-0.8724434466	-0.2892435947	1
6.972636768	-1.73442989	3
0.05746100359	4.49134211	1
-1.39547474	-3.236137936	1
5.001314353	-5.578681296	4
-0.5189226711	1.48933502	1
-0.9378438974	-0.810727608	1
-2.704930188	-10.43033375	1
-6.976362397	-9.948601927	2
0.7938073077	8.27301942	1
-0.636263575	0.9733946402	1
-7.607773562	-10.57623562	2
-1.946394289	-6.223843385	1
-2.303578909	-8.10404288	1
-0.3909407676	2.066690228	1
-1.905750234	-5.899464528	1
-6.693801257	-9.74962152	2
-0.7436006551	0.1223680906	1
-0.2215935849	3.368513276	1
-0.4409978927	1.826617263	1
-1.060107203	-1.390647773	1
-0.8711864723	-0.6528587884	1
-1.678016981	-4.979879283	1
-0.8102576733	-0.04691531431	1
-1.480437711	-3.811794361	1
0.1516630196	5.062355943	1
-1.262837684	-2.583151666	1
-1.375376579	-3.231606851	1
0.4459711826	6.384942737	1
-1.182050422	-2.249522532	1
-1.043529543	-1.692573182	1
-1.246067042	-2.604082102	1
-0.453560795	1.697503299	1
0.5512574637	7.011065552	1
0.3934998088	6.003782914	1
3.659448075	-0.8884294533	2
0.6781594479	7.755155468	1
-2.464035175	-6.111069547	2
-1.726219063	-5.091246492	1
-1.039174049	-1.531075511	1
-0.5331115153	1.428990094	1
6.692531965	-1.712195604	3
0.101982548	4.579559949	1
-8.017602233	0.5230707473	3
-2.581280231	-9.8159009	1
-2.73999395	-10.6357311	1
-0.9416080495	-0.8336871645	1
-7.127265262	-10.13215755	2
-2.007286359	-6.792433729	1
0.4902397738	6.961073758	1
0.02905013159	4.320816387	1
0.6851642048	7.810713737	1
-1.348525411	-3.105765908	1
-0.2986383159	2.489398053	1
0.4162714018	-0.7306326507	3
