1.143377579	5.383242876	1
-2.050941379	-0.9376083692	2
4.881823991	0.7375770684	2
1.918087167	4.861663527	3
4.21323605	-4.359013313	4
-3.150023612	7.44086581	4
-0.5927126005	3.336765496	4
2.228057119	-1.211272939	4
2.696809534	-1.947507751	4
1.608569788	-0.02563939472	2
5.440734081	-6.374785265	4
-2.368313509	6.166633087	4
3.544504998	2.337067669	5
-8.548449717	-2.455207002	2
1.285727868	0.3450180611	4
-0.9387811403	3.864325748	4
2.07787939	5.22634533	3
2.088489368	6.370895292	1
5.713637791	-6.734471796	4
3.753823178	-3.695541316	4
3.500522336	-3.309128601	4
-3.141895504	-9.504144668	3
3.003179533	0.2787740481	2
-2.057365233	-6.439976142	3
2.852419239	0.03845608462	5
6.541389432	-8.152843373	4
-10.8837334	-3.017552287	2
-0.6576655075	3.39393466	4
5.852508957	-7.181417568	4
-3.354916741	-10.02130578	3
-5.903739188	-1.823451743	2
0.5629414686	1.497393274	4
6.058475035	-7.39220874	4
-10.05043218	-2.815646355	2
-3.80641707	-0.2233977765	1
5.18570761	0.8222345224	2
2.210253741	-1.250320132	4
2.928380136	-2.208707769	4
3.06511725	-2.609104559	4
-0.06375879625	2.381119184	4
0.4729343914	1.679711467	4
0.5507879803	1.51180028	4
6.738790494	-8.333244791	4
5.979974043	-7.393646194	4
-1.217358488	-4.072962829	3
0.9243807176	0.8663573679	4
-1.091695818	4.222609997	4
0.1572880877	2.151069611	4
4.831685544	-5.621990166	4
0.684140898	1.323416766	3
-3.772142141	-1.311341468	2
0.4188190139	-8.609856298	5
5.97721252	-7.310196142	4
6.133166726	-0.2422934641	6
-6.953891063	-2.101385114	2
5.511734396	0.8910753566	2
0.8815703954	1.866978048	3
2.091977334	-1.092626158	4
3.549981196	-3.437056526	4
-7.578594793	-2.240406121	2
3.489695991	7.940717969	1
-12.12058566	1.764355562	7
2.27033618	-1.230214376	4
1.413598226	0.1563976302	4
-0.2061730464	2.754472595	4
-1.318409275	-4.267017233	3
3.343223275	-3.027981614	4
1.088298407	0.6737976473	4
1.33161513	6.115598653	7
-0.4406225261	3.19363009	4
-1.257780625	4.349178339	4
2.688848929	-1.970908956	4
-1.410680548	4.598587726	4
1.048230782	2.433644308	3
1.781795203	-0.4421568626	4
2.274642971	-1.316571704	4
3.102505065	-2.663883243	4
-2.299897733	5.892071745	4
6.22942992	-7.712644915	4
-1.815087079	2.050643629	1
1.708354842	4.217134934	3
3.196296118	-2.78300169	4
-6.097076863	-1.875954401	2
0.09292743663	2.359267084	4
0.2903480718	0.1670147663	3
5.389788113	0.8655407071	2
-6.048639188	-1.861891561	2
-2.459893869	-7.564498268	3
0.5287094833	1.500304863	4
0.09943681836	2.340446955	4
-0.6693517159	3.477693704	4
4.601243632	-5.091020288	4
7.278533933	1.330021407	2
-1.300047728	-4.388404901	3
6.491688634	1.131358367	2
-3.077299729	-9.291597539	3
-1.881162288	-5.953875714	3
4.001258632	8.561895755	1
5.493275353	0.8456759302	2
0.2601969898	2.028820994	4
-3.205122991	-9.690204487	3
0.1699624723	-0.1719361219	3
-0.5920477642	3.223995962	4
3.263306166	-2.900412615	4
0.5603147752	1.38846972	4
6.799153726	-8.519180754	4
2.141636691	-1.065027115	4
-2.006716356	5.433665485	4
2.010452326	5.063347419	3
4.488239944	5.638185005	5
-2.210790204	5.878595171	4
-4.428587524	-1.487617739	2
6.020585464	-7.429480666	4
-3.158982236	7.528546912	4
-2.947700557	7.239215067	4
5.468821878	-0.3784079388	6
-2.505342123	-1.889960876	6
-1.610336091	4.872603654	4
0.6837604263	1.144317202	4
4.951103448	-5.615413921	4
4.397922122	-4.710031026	4
-1.577255735	4.894188493	4
4.087131665	-4.045907764	4
-1.873009428	-0.8986392947	2
-3.345729273	0.3472968184	1
6.779154269	-8.568375426	4
-1.129008983	2.81390404	1
-1.184347981	4.398141134	4
-5.188501883	-1.702013885	2
5.835881641	-6.915756922	4
-2.280363318	-7.127487813	3
-2.252922066	6.084059976	4
1.966226781	4.974460361	3
-2.591912019	6.486508041	4
-3.069111025	0.5952015143	1
-0.920928011	3.748527219	4
6.972541949	-8.841382235	4
3.846545316	0.4690328062	2
-2.945665609	7.13882581	4
-7.685807311	-2.247917285	2
2.918965721	0.2723118716	2
-0.438928431	-1.902787627	3
-1.13310872	4.192100932	4
5.23623406	-5.994772767	4
0.2603537847	2.020993605	4
2.394366692	-1.669169976	5
3.052369117	-2.563652703	4
3.268480582	-2.929747034	4
-0.1175043042	2.604395279	4
-3.465269494	7.826860176	4
3.194871651	-2.786785572	4
4.552166144	5.918452266	5
5.458804504	-6.525310476	4
1.646942118	-0.03715456227	2
-2.486884562	6.440607605	4
4.741910443	-5.404948545	4
-3.862961231	-11.59573576	3
2.202853099	-1.123117389	4
-0.313129814	2.943147522	4
3.767845629	-3.707518867	4
-2.79418771	6.793132082	4
1.696774598	-0.4592680266	4
8.096059233	1.500169339	2
-2.290057564	-7.085551416	3
0.223134852	1.812571246	4
-3.772520202	-0.1759261482	1
1.280221044	5.51048475	1
6.399624396	-7.925396472	4
-0.9747066975	3.76618445	4
-1.477680811	4.694366863	4
5.407734903	-6.258306292	4
-1.238364391	-4.09812007	3
-10.01597885	-2.812940681	2
-0.5418252812	-0.5702337948	2
5.574103411	-6.714483845	4
1.924112061	-0.7209899788	4
-1.951595504	-6.100150699	3
-3.323961724	7.707814786	4
2.03609398	-1.054068687	4
4.102985251	-4.385619385	4
3.617139313	-3.482874971	4
2.520321973	-1.873790186	4
-3.272429452	-2.027615449	6
2.605231333	-1.928223191	4
-0.2963002569	2.731428105	4
-2.652758923	6.522823627	4
1.613165102	-0.3001682902	4
-1.366185208	-4.433456035	3
0.2379069381	1.696611431	4
5.69593821	-6.899792032	4
3.956040515	8.51583806	1
0.9220182129	0.982950524	4
-6.412371137	-1.956704508	2
-8.084467563	3.034919653	7
6.92287814	-8.814750099	4
4.762616258	-5.395851447	4
2.265973578	5.754873311	3
4.795570438	-5.452833305	4
-7.165980609	-2.142484514	2
-0.7773063005	3.187114628	1
