-9.882327323	-3.50088899	1
-5.95066375	-3.938178647	2
2.206584564	-0.4643864726	1
2.66572183	-0.3338578258	1
-1.537239783	-1.393853914	1
5.180919045	4.884086545	3
10.54690813	-1.795006748	4
-4.511091475	-2.18274754	1
1.887008951	-0.6362410347	4
-10.03691625	-3.566755946	1
8.960377192	-1.547694511	4
-2.358885181	4.411444725	5
4.320504367	0.1046819901	1
-8.269722101	-3.122212835	1
4.221041541	-10.82667931	6
6.390180726	0.6101281503	1
-4.165102308	0.1583333583	4
-0.6579267859	-1.248292841	1
-1.465545152	-0.653420281	3
-7.304214228	-2.86953431	1
3.653515004	3.60440999	3
4.858884768	-1.03438002	4
-4.377981198	-3.709347022	2
5.038559169	0.2738683968	1
3.282318528	-9.86049281	6
-6.125577125	0.4289848887	4
2.038100465	-7.52586957	5
-0.7180482616	-1.225709216	1
-6.228813104	-2.568645353	1
4.504347273	0.09504058431	1
-1.739112641	-4.778858106	6
1.509150508	-0.6196102017	1
5.100075963	0.2936570184	1
-0.5055366516	-1.158979418	1
-3.077633361	-1.781043161	1
-10.08526424	-3.55144903	1
6.056563197	0.4997232745	1
-0.6924305189	-5.849814343	6
0.9902914238	-4.751143575	5
12.36566535	-2.008481792	4
-4.164139951	-2.086978975	1
6.546578037	0.6134762303	1
-6.85819256	-2.763148216	1
-4.445688869	-2.157200237	1
1.006349078	-7.676657714	6
-2.591319181	-1.706332145	1
-0.3924406607	-1.082852147	1
-7.009190414	-2.810057771	1
3.265040309	-0.8025778373	4
6.926454374	0.7351959477	1
0.8625951915	-0.7621157348	1
4.558481492	0.09428318316	1
-6.170400985	-0.2106280926	6
-5.198999211	-2.363120249	1
-1.125529592	-1.291936132	1
-4.160045822	-2.072241832	1
-0.02787097797	-6.551632742	6
-0.9415314868	0.5328922524	5
-5.978894306	-0.3576929161	6
7.751907478	0.9405439071	1
7.076193692	0.7855656783	1
0.445317926	0.9397653638	3
-5.990595633	-2.544983034	1
-10.30813949	-3.643756854	1
-0.4703432184	-0.8179770902	5
-0.04799541524	0.5133810755	3
-2.573210774	4.751853971	5
-0.454153293	-1.155460839	1
-1.046802952	-1.259450869	1
-9.955909214	-3.554332822	1
3.250541605	-9.851181976	6
-1.395966494	-5.103447581	6
-5.669084646	-2.451035771	1
-0.9496237374	-1.268013567	1
12.0056913	-1.827523427	2
-5.616483111	0.3485767647	4
2.261419685	-0.4626851922	1
1.070295541	-4.984987738	5
-1.98210581	3.427897287	5
-5.491961252	-0.9298474321	6
5.026441568	0.2300936805	1
0.9399654364	-0.8010637406	1
7.531887031	0.877051716	1
-10.39312095	-3.694311059	1
-7.186534185	-2.827180088	1
0.7601899103	-0.8438346559	1
-0.189428184	-1.075634252	1
2.660508418	-0.3495517156	1
-3.780235883	8.043420488	5
-5.695314837	4.424857051	7
-0.7288387709	-0.2972703128	4
-10.15430173	-2.951340447	8
-5.436212102	-0.9774987682	6
-1.811633282	2.865419404	5
4.446470358	0.09900589798	1
-1.308781699	-0.2389620718	4
3.112489385	-0.2292882325	1
-2.266854853	-1.603115154	1
10.80409364	-1.795263267	4
6.119443413	0.4883717492	1
10.57644408	-1.734057534	4
-7.904485851	-3.023991208	1
4.115539243	-10.70366976	6
0.5261842931	-0.4525394439	4
5.656206982	0.4316946476	1
4.33094299	4.156165552	3
-0.4074844987	-1.132220651	1
1.704231616	-0.6136744362	4
2.784430151	2.918336439	3
8.440321756	-1.477745231	4
-6.467422692	-0.09399194216	6
-1.521940843	-1.412154703	1
3.426616993	-10.06000472	6
4.946870026	-11.55224107	6
-5.781880807	-4.255946572	3
-3.407841802	-1.865611092	1
8.477947442	1.1239244	1
10.80116993	-1.800655461	4
6.498434062	0.6440333585	1
-7.919601354	-0.2676848589	9
9.435983971	-1.609612696	4
4.121942676	-0.9190353391	4
-10.00892869	-3.622004916	1
3.992501582	-0.03667822279	1
0.06381865979	-0.9942824319	1
-1.861217968	-1.462666353	1
5.734072568	0.4319756401	1
8.390577878	1.06224027	1
-8.262050135	-3.113980666	1
-1.279653734	1.369698565	5
4.678207921	-11.43304462	6
-1.087640097	0.7207843175	5
12.82649654	-2.072203873	4
6.439527374	0.6355226753	1
1.862723189	-8.397154826	6
5.637110674	0.4097442353	1
-1.142115559	0.9757828518	5
-5.720717183	-4.221744328	3
-4.416851409	-1.954614402	6
-8.230787834	-3.128365575	1
-4.002019467	8.747710957	5
-4.36642796	9.571746107	5
-4.751498493	0.2397998787	4
1.717205795	-0.5722656774	1
-4.607016846	10.30385088	5
4.534137547	-0.9791743879	4
6.172660053	-1.187665019	4
7.227020674	0.8118453082	1
10.01126878	-1.696596483	4
12.25255171	-1.967369456	4
-5.467441016	-0.9556687962	6
0.733281518	-4.101217016	5
-3.124774387	6.222867789	5
8.324449812	1.025914761	1
-10.36436122	-3.659799468	1
3.776084572	-0.0717573117	1
-2.440478763	-1.637837024	1
-8.826380972	-3.307537283	1
-0.7961861667	0.09748026157	5
10.84394788	-1.808692593	4
0.6033704735	-0.8844071446	1
-1.422090592	-1.37116126	1
-8.695372809	-3.25527424	1
-6.128688781	-0.4664355487	6
3.309486378	-0.2215124329	1
-8.735556234	-3.219116217	1
-1.812418077	2.903749343	5
6.66373434	-1.228609323	4
2.796855396	-0.331554855	1
8.144193271	1.051121148	1
1.951802243	-7.154400831	5
8.644585445	1.176511017	1
-2.313472283	-1.607343469	1
5.373011688	-1.070479934	4
-4.279079902	-2.127511301	1
-10.07252855	-3.609197521	1
-6.641381416	-2.711279105	1
6.607427224	0.6876797965	1
-2.948731775	-0.02623106007	4
-0.8241766068	-1.232052573	1
-10.05205968	-3.590573177	1
-2.057273494	-1.55329862	1
-0.5382683491	-0.5492792976	5
6.551522203	-2.4900363	2
-7.365668049	-2.906013454	1
1.685002541	-8.364866872	6
-6.568307496	0.1360712318	6
-2.048376798	-4.540433763	6
-4.647536729	0.1498280552	10
-6.437523052	-2.705449808	1
8.774158199	1.212916344	1
2.444965695	-0.4141976225	1
-4.875075359	-2.292864814	1
4.88109455	0.2246646334	1
-4.565886677	-0.6810647894	9
0.6742801411	-0.4799703739	4
8.927283303	-2.13203668	2
-4.585077231	-2.228950299	1
7.248225347	0.8253041322	1
-7.397612706	0.9812452591	6
