-11.02089783	0.03305046038	1
-8.615436892	0.2380074042	1
6.364526577	1.555378574	1
-2.387985514	0.8160459575	1
-8.983277957	0.2153211191	1
3.186657562	1.267929926	1
4.093000499	1.356865629	1
3.510933282	1.335327068	1
-5.512173529	0.5500862594	1
-3.381256959	0.6923159557	1
0.08077929738	0.9881243656	1
8.609187021	1.737615371	1
5.879079907	1.502159113	1
7.205208538	1.648018795	1
6.17832297	1.517319081	1
0.1263303574	1.011628384	1
4.563136356	1.396331407	1
6.113511823	1.540529663	1
4.107790306	1.358349472	1
3.402890781	1.296661167	1
-2.295709171	0.8080020168	1
4.988518817	1.444830891	1
6.347071121	1.551758371	1
-5.376227349	0.538633128	1
-0.08069575905	1.016702467	1
7.072390496	1.637315613	1
1.352411064	1.119825627	1
-3.096092117	0.7236650866	1
1.44162255	1.097292218	1
1.90810996	1.157888108	1
0.6641879004	1.06449012	1
-10.95441282	0.07206217588	1
-5.092694959	0.5549948677	1
2.69048829	1.223302636	1
-1.002870968	0.9212865079	1
8.531926905	1.744976269	1
-5.236963508	0.5953568815	1
-7.300410096	0.3912744407	1
-1.946499761	0.821290258	1
-9.783201113	0.1668422987	1
-7.044033579	0.3960935333	1
-0.3305653487	0.9653681533	1
0.5047193946	1.057914817	1
-0.3415716167	0.9730075433	1
-7.179300088	0.3483509905	1
-3.766703937	0.685278256	1
-3.523709492	0.6966222053	1
-2.564601156	0.777673298	1
-10.37743125	0.08314933657	1
-1.378874801	0.8818619874	1
-5.845736994	0.5192208558	1
-10.33799655	0.1152802253	1
1.961499692	1.173732924	1
-2.298518528	0.7851493988	1
-8.777160487	0.239661885	1
-5.163504752	0.5734677786	1
-6.121938824	0.4772635261	1
4.408850952	1.388318329	1
-5.298603547	0.5337883583	1
5.154493012	1.387282341	1
6.199128442	1.555696817	1
-2.188419171	0.8143907919	1
4.387674789	1.402575876	1
6.080674122	1.513822405	1
-4.368498884	0.6171162399	1
-8.336696111	0.2792162155	1
-2.024217753	0.8140565516	1
-9.858109174	0.1740920097	1
-4.766056529	0.5812571653	1
3.403522193	1.289225134	1
-9.168565931	0.221493882	1
3.156515272	1.287486324	1
6.928859983	1.572774222	1
-9.235561022	0.2315911094	1
-10.58848996	0.0976296713	1
-8.612542973	0.2308066994	1
-6.990078835	0.3923630045	1
8.526878642	1.76085191	1
-9.383485929	0.1609551784	1
-7.62005782	0.3366044207	1
-6.515953456	0.4419127818	1
-6.621924402	0.4234132689	1
6.703306669	1.574356061	1
4.157318563	1.344649641	1
1.119546188	1.127114849	1
-5.809564257	0.4927439078	1
-7.572413687	0.3229940969	1
-1.91534115	0.8272065372	1
3.362349778	1.267200363	1
-6.828710015	0.4345410558	1
-10.96783779	0.03805411224	1
3.410134311	1.28898748	1
-9.531725395	0.1602864877	1
-4.311504694	0.635562951	1
4.936951228	1.451809843	1
-2.575409987	2.282580855	2
4.302017609	1.371058699	1
-10.72102106	0.06936144589	1
2.677650392	1.228845091	1
-1.132044705	0.8673124598	1
-4.03771182	0.6637059957	1
8.012143657	1.703874136	1
-4.855649706	0.6162309494	1
-7.589792852	0.3289594455	1
0.9062659736	1.07887488	1
3.75418343	1.327409828	1
-8.798532843	0.2542144937	1
-10.3408645	0.09185991468	1
3.907333018	1.335832621	1
-3.22664054	0.7185323398	1
8.084416507	1.67935255	1
-4.842211284	0.573125982	1
-0.3105411054	0.9680810294	1
-2.851345015	0.7905081884	1
8.199978315	1.709631727	1
-5.39917564	0.5511832959	1
-2.82050008	0.7897345228	1
-6.842468042	0.4273512443	1
-2.51523534	0.7859681753	1
-3.266496214	0.7363369417	1
-3.902845885	0.6433795156	1
1.439322022	1.107455367	1
3.453348316	1.326391886	1
-3.011522152	0.7379695831	1
-10.37228458	0.1414664373	1
4.953334898	1.461789885	1
-7.335397298	0.4015765137	1
-9.795413403	0.2068598929	1
3.728701468	1.318278533	1
7.189328441	1.621971744	1
-8.488893992	0.2662694524	1
-0.6484375103	0.9391910126	1
5.969220761	1.534912259	1
-9.290902502	0.2091591349	1
3.36150609	1.282098813	1
-10.11081027	0.1115294536	1
-7.036179363	0.3821006786	1
-2.821009646	0.7862548005	1
-6.522982969	0.431544328	1
-9.819622922	0.1410042829	1
-3.61018532	0.6694282233	1
0.876039593	1.078662256	1
1.687545753	1.143673189	1
-8.454185212	0.2697815833	1
2.447301627	1.212851852	1
-1.830376677	0.8393611684	1
0.3510417442	1.025859335	1
5.235408014	1.454548968	1
-1.412611321	0.8891479775	1
-0.5478228204	0.9621925255	1
-3.991758671	0.64729258	1
6.703112705	1.588638805	1
4.700034132	1.371713939	1
-1.171429376	0.8903376599	1
-7.499775087	0.3811785508	1
2.094513489	1.181560922	1
-3.074704537	0.757219488	1
-0.4352379871	0.9775612175	1
0.4055973718	1.057203495	1
-0.997571878	0.9029606401	1
6.755231116	1.575654753	1
6.092305817	1.528813282	1
-1.30519697	0.9107158598	1
-5.985795936	0.4722251039	1
-3.694545493	0.6962942086	1
-1.192747819	0.9013944819	1
-6.08800596	0.4841021498	1
-10.61506636	0.1199098801	1
-9.967756617	0.1427961047	1
3.428832801	1.296288058	1
-7.924647954	0.3119398171	1
-7.877804317	0.3285560458	1
-9.420964273	0.1913704663	1
6.309983498	1.542296912	1
5.961494735	1.537719745	1
2.936119252	1.265454016	1
3.393398333	1.302539163	1
-1.887500364	0.8362215993	1
-7.107417385	0.3853804602	1
8.587788501	1.746166	1
-9.729832534	0.1371246185	1
3.796337342	1.331599583	1
-7.184014764	0.3772962498	1
3.200929689	1.25534454	1
5.272111791	1.454154184	1
-4.223786954	0.6376447814	1
4.146137675	1.37608481	1
-11.03402752	0.06000589466	1
-10.81943896	0.07425230422	1
-1.206025587	0.8889790868	1
-2.621671229	0.7971488041	1
7.519728007	1.633043725	1
-8.003736535	0.3104771796	1
-1.43723236	0.8885370382	1
-1.575779284	0.8435729647	1
-5.90780708	0.4806606892	1
-3.342282204	0.7111639705	1
3.302111401	1.277036375	1
5.630883511	1.469435258	1
7.533671175	1.650519361	1
