-4.616969576	0.5881347002	1
0.1577175124	3.882049379	1
-3.600730233	-1.995475535	2
0.200188219	-0.5198143139	2
-0.5354690299	-0.8103552927	2
10.21770205	10.84384986	1
1.966644761	0.3947256229	3
-1.087718376	-0.9880414628	2
4.248658419	6.672176855	1
6.283912211	1.829949223	2
3.943985576	3.016706929	4
-2.895112615	-1.676963094	2
-0.5821205509	3.356683433	1
0.9283122343	4.448576549	1
4.094149175	-2.15699845	3
-5.550964621	1.438195531	5
0.4883682318	2.233215221	3
8.66894214	9.734578014	1
0.2093011954	-0.4888174822	2
4.938986044	1.301065664	2
-2.924630919	1.709178766	1
6.289892742	8.085444612	1
-8.356587486	1.665757823	5
4.8138964	7.047267402	1
4.493063447	6.915517184	1
-8.203587207	-3.720108463	2
7.505896854	8.862223398	1
4.750488299	1.166763732	2
-5.695526052	-0.1045868792	1
1.30297747	4.695531053	1
4.459440141	1.127919607	2
4.747179852	1.206737941	2
1.541332754	4.856355554	1
3.288249859	6.047784327	1
4.56221109	0.6497450751	5
7.970420545	9.254537949	1
4.452080609	1.110259376	2
-7.591799432	-3.475061866	2
7.002612301	8.621725332	1
0.3555238658	-0.4436342982	2
-6.188710624	-2.897022146	2
1.462777603	4.798363347	1
8.29570558	9.468506265	1
6.001668375	7.85951668	1
1.656665526	0.01597459098	2
8.684556942	-7.48589248	3
7.486800317	8.903113788	1
-1.763149147	2.557290227	1
4.96535337	1.33800002	2
5.315501943	7.378108165	1
5.288372389	7.422534551	1
2.115193396	0.2535946469	3
-3.047036901	6.306217609	3
-1.110208585	3.005706518	1
10.03678046	10.70474797	1
-3.763782935	1.233405094	1
3.161963336	0.6488493041	2
-3.943704406	1.043491774	1
-7.514158308	-3.413132637	2
6.649599075	1.906475461	2
-9.842368737	0.3063943289	6
-2.375913121	2.130495958	1
7.670636471	8.96002089	1
9.707306317	10.37807131	1
-0.5680118296	-1.415014595	7
-9.82336988	-4.28820093	2
-3.968436685	-2.119754976	2
5.677794211	-3.990304666	3
-1.345455228	4.346713816	3
-5.696096407	-0.09579477634	1
-11.99536158	1.980008961	5
3.525660393	0.7151976499	2
8.620659945	-7.450374832	3
1.477823811	0.003933043217	2
8.898191515	-7.759246129	3
1.645422746	4.921108392	1
2.2839805	0.2844448308	2
6.418578707	8.165158888	1
-8.084760402	-3.591342588	2
-0.6184377161	3.490826564	3
-4.881333511	0.4376162658	1
0.4439705642	4.12056207	1
3.111137164	0.5905686658	2
-1.446766496	2.78420459	1
2.649694905	5.637843133	1
-0.1241981825	3.573083254	1
-1.33183063	-1.10037061	2
-3.094065507	1.636765839	1
-0.5134174718	3.404450662	1
-9.753421666	-4.311546396	2
-6.76039946	1.560408446	5
1.732516038	0.04687484484	2
-0.6091258204	3.441260357	3
-10.82885498	-4.719130918	2
0.2097100614	3.873872115	1
-3.589472561	1.390424694	1
6.731333943	8.353322843	1
-5.010779904	0.2855826899	1
-1.788875238	2.532795497	1
7.46734816	8.98423853	1
0.6476552403	-0.3252390942	2
8.210181049	9.378947147	1
7.889234689	9.111959123	1
6.418112027	8.257915175	1
3.801918131	0.6947544514	5
5.707466391	7.642989018	1
6.068624465	1.722015845	2
-4.651415663	0.6012142323	1
-8.871607037	-3.964069559	2
1.656979114	4.945999215	1
8.828879175	9.855370683	1
-5.309701883	-2.608406387	2
-1.892202225	4.971329493	3
3.888885851	-1.833328883	3
-1.613082863	2.692718003	1
3.533447687	0.7538289767	2
4.179177884	-2.157472512	3
-3.567661433	1.433564799	1
-3.327469119	-1.857074665	2
5.972493877	1.663331001	2
4.128125711	6.623092596	1
-5.963240167	-0.2893628264	1
8.20418558	9.38578947	1
0.9519832965	-0.2221117971	2
0.9311283434	0.9544034615	5
1.439496375	-0.01312660999	2
-9.432721365	-4.13991766	2
-3.527089268	1.279953228	5
6.938451613	8.537459867	1
0.9150800035	-0.2423149489	2
1.314976821	4.688962841	1
9.59046486	-8.495397451	3
-4.573459597	0.6347135604	1
4.173976712	0.702395086	5
-4.582187991	-2.320361209	2
6.436507095	1.872431038	2
-8.516850051	-3.794282425	2
-4.237774483	-2.208910663	2
9.645639067	10.37057233	1
7.931474231	9.286825249	1
1.410872963	4.7505672	1
7.222719042	2.156518977	2
8.460560109	9.567730297	1
-1.518784355	1.163514533	5
-2.371221428	2.101498467	1
-3.513110775	-1.886605154	2
-9.658485089	-4.247045527	2
-7.435073053	1.591846967	5
1.08770994	4.51423982	1
9.573624204	10.34767581	1
-10.3250751	-4.53756535	2
-5.633412931	1.461220241	5
1.14377132	4.589375833	1
1.430121983	-0.08956076056	2
4.107883982	6.575403598	1
-1.274824867	2.882744202	1
1.206273329	1.311204851	3
-0.3530634112	3.521812624	1
6.634517063	8.38393321	1
-4.429662112	-2.289566631	2
5.418330763	7.543636549	1
-4.530303666	0.7264774261	1
3.326288967	6.007963638	1
-7.547745493	-3.44812186	2
-1.509342053	4.505725827	3
3.203843051	5.917380103	1
-0.5013319699	3.380733736	1
1.462266347	1.035766555	3
1.036585047	4.462336265	1
5.074795488	-3.285830096	3
4.138791925	-2.124272865	3
3.392504267	0.7036600896	2
1.061955584	4.509932338	1
-3.710733195	1.220911754	1
9.504042813	10.31079032	1
-5.248063973	0.1484433876	1
6.179869264	1.750509074	2
2.048833635	5.115635917	1
1.422933131	4.777363775	1
-6.79916023	-3.174724347	2
-6.559403428	-3.03959597	2
3.178645879	5.986863584	1
-3.015087395	1.696769898	1
-10.64138891	-4.625543797	2
2.985413365	-0.7628450649	3
6.481799593	1.879779301	2
0.1234232575	3.858526788	1
7.429810301	2.254349226	2
6.244698051	-4.560680783	3
-4.402820648	0.7615305823	1
-5.9732934	1.483480078	5
-3.689563495	-2.003647909	2
4.851926714	7.108467559	1
-2.548839858	-1.561842172	2
3.652855399	-1.576003105	3
7.068704218	-1.163496071	8
-4.941094115	0.4300073612	1
3.571574346	-1.46848785	3
-2.780793134	1.226356578	5
-8.141775292	-3.701930005	2
