-6.121243778	1.02809205	1
3.501393537	6.49971948	2
-1.694207803	-1.512957426	2
8.281847653	2.032056013	1
-2.696404425	-3.110246268	2
-4.735000028	1.117520345	1
-4.310626134	-5.557829236	2
8.235049972	-0.961485694	3
-3.417252839	-4.203539207	2
1.335178304	3.174402751	2
-6.174989845	-8.469153272	2
-2.909942754	-3.401983004	2
-3.019586779	-3.535443382	2
3.646767997	6.732463078	2
-4.139682422	9.691818639	4
-6.883664531	-9.515734944	2
-4.522579007	-5.893814357	2
2.189670939	4.470437716	2
-4.384297617	-5.706103936	2
-1.406023627	-1.081469862	2
6.549612238	1.944115515	1
-1.169644853	-0.7350036037	2
-7.635198272	-2.290288718	5
-5.8168291	1.076548707	1
1.046948645	2.682051922	2
5.796373836	1.906245896	1
-4.386615321	-5.739253263	2
-3.689195992	-4.592034507	2
-1.783450286	4.797906682	5
3.374961902	6.259267125	2
-2.7604095	-3.198226956	2
-1.978472356	-1.981395556	2
-4.730296998	-6.265793979	2
1.707978949	3.723614479	2
-4.902968595	-6.489360008	2
-0.05164209164	1.040102413	2
-1.981241999	4.54344178	5
-3.865443748	7.743825736	4
-5.762307549	-7.779713869	2
-5.796088639	-7.857802284	2
-5.697181503	-7.70719898	2
-2.285896886	-2.461312311	2
6.420366153	-3.05796566	6
2.15686496	4.404346217	2
3.005571664	5.744710436	2
-4.165688258	-5.275428301	2
-0.9101907814	-2.330328381	3
2.725537205	5.322008334	2
-2.013022689	-1.99604894	2
6.525069036	-3.147908697	6
2.534992455	4.975140423	2
-5.198102725	-6.934182467	2
-4.774005332	-6.274669265	2
1.801681897	1.54266836	1
-0.07494204766	1.474022681	1
2.971813372	5.651829943	2
-4.39560459	-5.686291475	2
0.2613056141	1.473348999	2
-0.1593216727	0.9147637209	2
-2.482934038	-2.723758494	2
-4.686924807	1.1155563	1
9.775624324	-6.38984441	6
-0.6168468449	3.978031606	6
-4.863186794	-6.397669967	2
1.677983627	3.643422695	2
3.641220035	6.705441378	2
-5.746875532	-7.780979463	2
1.705283895	3.693213624	2
2.681295963	5.248247072	2
-8.45990858	-3.289448727	5
-1.843798458	-1.778538064	2
-4.019734995	-5.094989435	2
-2.158938599	5.5683952	6
1.668879596	3.632856009	2
-6.187838106	-8.428265895	2
-4.813747673	-6.316637394	2
2.533273133	4.975029882	2
-1.276248955	-0.8900434371	2
0.8856588699	2.434142465	2
-1.624618626	-8.27920064	7
-5.357036133	-7.138576628	2
1.516365862	3.462141793	2
1.766280012	3.828439668	2
-5.562829958	-7.502309081	2
3.705658922	6.841465053	2
3.744676584	6.850634178	2
3.0626174	5.804777088	2
-4.017455494	-5.114684946	2
-0.3309964615	1.437516874	1
3.371049122	6.26006096	2
-1.809823909	-1.683254062	2
-4.352808237	-5.609063583	2
2.637033243	5.161773783	2
-3.23025543	-3.892667359	2
0.392617046	1.660573653	2
-3.368565215	-4.039633798	2
-5.703229323	-7.705647185	2
2.027324595	4.231877076	2
0.5898007943	1.503180952	1
-7.197434942	0.9504584659	1
7.608184446	-1.104131734	3
-6.784691111	-9.420081915	2
2.578703448	1.631859125	1
2.341026587	1.64286096	1
-0.6247611069	0.1233507322	2
-0.2060800356	0.7528523537	2
2.044517595	4.242376495	2
-4.531984773	-5.923498224	2
-2.478948775	-2.735438244	2
1.804688713	3.849679062	2
2.29213571	4.652514426	2
-7.523915106	0.9471603561	1
11.06575292	-7.714385443	6
2.049939405	4.236840084	2
0.4534814064	1.768988348	2
-0.5723866249	0.2176543483	2
0.4845204572	1.523944803	1
-1.638603623	-1.428862121	2
1.793552343	3.859087635	2
0.8263551127	2.358740319	2
12.02139688	2.351827956	1
-5.515569087	-7.399144837	2
-5.407391841	1.088820041	1
1.821464506	3.945729028	2
-6.779183891	-9.359447717	2
-7.887874442	0.8899965523	1
1.7399709	3.766659585	2
-1.973684443	-1.923742951	2
-3.949002412	8.296196475	4
-2.048516881	-2.062470698	2
-6.058032479	-8.281871232	2
3.428016155	6.36143491	2
7.818554124	2.016668654	1
-4.687734983	-6.141766584	2
1.039461892	2.678010568	2
-6.215918906	-8.472732946	2
-5.945151033	-8.065317801	2
-6.523016747	-8.969890648	2
3.867518349	1.782127451	1
-1.966785659	-1.908229275	2
2.005189162	1.615197201	1
3.108759673	5.92621116	2
-0.9227870494	1.418181442	1
-4.8689215	-6.422292686	2
10.03306212	2.156341211	1
-6.930976015	-9.627954835	2
10.85480614	2.249665688	1
3.588267128	6.671764069	2
2.775887754	1.648912619	1
-6.047059717	-8.189204009	2
-5.201911476	-6.938834084	2
10.34786697	2.219441849	1
-1.270253675	-0.8829115774	2
-3.847334806	-4.831610555	2
2.246218762	1.597629	1
-1.68062494	-1.477150933	2
-2.417132967	-2.608162907	2
3.355660383	6.280671058	2
-0.2148760528	0.7371778519	2
-1.586437793	-9.14593193	4
8.492694565	-1.013647282	3
2.180110666	4.494356899	2
-2.143479878	-2.192924273	2
-0.6957423179	0.02676091859	2
2.655731327	5.201016988	2
3.872239945	7.112234834	2
-0.7026803551	-0.05102214	2
-3.116109101	-3.672459321	2
0.9879062503	2.62737342	2
-4.447848738	-5.722833968	2
1.489137288	3.392188521	2
-4.649599564	-6.061613537	2
1.647196913	3.67231829	2
-1.072872862	-0.5378219747	2
8.516821033	2.069401523	1
10.7728212	-7.40871238	6
0.1122158855	1.298556331	2
11.74652471	2.299969693	1
2.481518055	4.872375772	2
-1.875543034	-1.833438655	2
3.837780406	7.041328376	2
-4.603295947	-5.990236121	2
-2.59120517	-2.882227087	2
-6.314989614	-8.643258858	2
-0.5879072639	0.1802148311	2
-5.96611215	-8.180243216	2
9.909707971	2.172568192	1
-7.337668003	-1.85474486	5
3.212255483	6.087150337	2
-3.970651847	-5.022296449	2
-3.708827386	-4.622799413	2
3.639842999	6.714699495	2
-5.081645138	-6.709771079	2
-4.918378092	-6.469392192	2
-0.5335101901	0.2947144311	2
2.951938342	5.672481391	2
-4.946069352	-6.521630514	2
3.78543177	6.957947374	2
3.379550811	-0.008031302717	6
-0.3898179038	0.5262941518	2
