-0.09587695656	1.066494054	1
1.064042424	4.989636911	2
-4.434279212	-1.669409377	3
-3.891508662	2.571107055	3
-1.914557917	1.954814235	1
-0.4827706174	1.236751139	1
-0.1042082715	2.181517479	4
0.09098987022	9.516337206	2
-3.580457859	4.805555233	3
-3.292632793	7.275845845	3
2.02159845	-0.04609332803	1
4.301589552	-1.21545784	1
-4.9158321	-4.582709051	3
9.532131219	-3.879745994	1
2.56615879	-2.004287735	2
2.599986121	-2.253682134	2
-3.598647962	4.676867921	3
1.898018809	0.9677851904	2
1.763348256	1.675173589	2
-6.695569291	4.387379068	1
-5.245295598	-7.606516376	3
2.735261255	-3.015531953	2
2.494837635	-0.3031767759	1
1.222237785	0.3599275411	1
-4.560729428	-2.348120034	3
-4.494730757	-2.178652922	3
-0.3104269913	1.143202437	1
-1.201625219	8.2742055	4
0.2254228293	8.776021064	2
-6.517653803	4.320631246	1
-5.783074564	-3.998313691	5
-3.971078054	1.802589596	3
-4.290923755	-0.6117940747	3
-6.066092738	4.11860338	1
-5.384470514	3.750991312	1
-5.349003621	-8.410571383	3
3.113341397	-0.6104247571	1
10.18985833	-4.249113457	1
0.9972864662	5.255468074	2
-3.620829926	4.296092356	3
1.076679138	5.071298177	2
-4.525159394	-2.52895348	3
0.6742748822	6.832614402	2
-5.268459865	-7.742834544	3
0.6949616806	6.681950999	2
1.160900527	-4.747312734	4
-4.485027112	-1.588420909	3
7.784585666	0.720390126	5
6.25918963	-2.202873314	1
0.4191790371	8.07335034	2
0.9400119443	0.5256710171	1
1.130675122	4.410072113	2
-2.368349406	2.223878008	1
2.943644942	-3.979613204	2
-3.921091252	2.524904365	3
0.5542145375	7.380388264	2
1.167472985	4.462659051	2
3.559092796	-6.83082634	2
-1.885948075	1.942726828	1
7.47293736	-2.842768283	1
7.279095612	-2.737785603	1
3.826827984	-8.189992597	2
1.742906408	1.740611992	2
-4.90845752	-4.977913571	3
-9.342431509	-5.242857525	5
-5.346169326	-8.498448703	3
-5.17434929	-7.38231896	3
-4.788585136	-3.991234235	3
-4.291684737	-0.3291174458	3
-3.807012457	2.948102294	3
-5.341093775	-8.32690116	3
3.208871946	-5.112678856	2
1.852915056	-8.497267227	4
-6.795283876	4.489684837	1
-4.417103108	-1.28252535	3
-4.790420548	-4.117887387	3
2.011310874	0.3420230701	2
-4.843514876	-4.786948595	3
0.9022524179	5.829511009	2
-0.6770076165	5.508378496	4
-7.372976382	4.776145836	1
-3.483027713	5.320705708	3
-0.7975573506	6.171469442	4
-0.9537600141	7.019630825	4
-4.475137381	-2.190272895	3
-4.712812593	-3.58422476	3
2.897615349	-3.734445248	2
3.339708721	-5.878048512	2
-5.360923363	-7.832633369	3
1.794156709	-8.092755166	4
1.290196022	4.016801101	2
-5.948950801	-12.31484348	3
-3.359994074	6.423705547	3
0.4813647273	7.705102658	2
-4.05765398	1.072942338	3
-4.420423579	-1.983618602	3
8.488723363	-3.337550465	1
2.237264888	-0.5592412927	2
3.805793062	-0.972562664	1
-3.259579452	7.340282281	3
3.219245123	-5.151576405	2
-5.37389323	-8.333388658	3
-4.851156029	-4.522073892	3
2.716408682	-2.945911292	2
-3.861725613	2.387390275	3
5.581156656	-1.882776263	1
0.5453638364	7.451734941	2
-3.520630827	2.771337783	1
9.302384317	-3.784487166	1
-6.173089457	4.179579368	1
0.0290584372	9.880356092	2
-4.180733363	0.4515223619	3
0.1903469289	0.7833186626	4
-5.901425077	4.033769209	1
1.349889131	3.690955675	2
-0.08277529152	10.32264604	2
-3.297523639	6.668165866	3
-5.012933124	-5.652296631	3
-4.841036459	-4.93248154	3
1.847196816	1.33194498	2
-5.348348261	-8.373475075	3
4.601250703	-1.369684522	1
-4.575029412	-2.51774878	3
0.7201004807	-2.315251731	4
1.670103926	-7.479890432	4
-4.773221679	-4.150427876	3
-1.081113447	7.614350089	4
-4.863529084	-4.556943282	3
-5.082670796	-6.210854026	3
0.4495546108	7.879352363	2
-1.532902154	1.789255582	1
-5.696851546	-10.50066557	3
-4.157223134	0.3145614489	3
-6.554466489	4.377610828	1
-4.526576171	-2.34571504	3
-7.153582002	-4.522509271	5
-2.496961367	2.25466715	1
-3.8058957	3.067526834	3
-5.596949413	3.878025825	1
-4.46102936	-1.315226451	3
2.143832579	-0.1096159995	1
3.297079926	-5.718615865	2
-2.056066438	2.05088382	1
0.3369841198	8.444880167	2
-1.797274994	1.900187945	1
8.909015784	-3.582191011	1
-5.341596597	3.746467313	1
-5.917069136	-12.27932024	3
2.877570322	-0.4730597822	1
5.999059936	-2.048411118	1
-3.349671879	2.705437136	1
-2.091687825	2.039231069	1
-5.122562418	-6.385896966	3
-5.946997886	-12.41691479	3
1.540054406	2.76017302	2
1.639011215	2.311429158	2
-5.439412233	-9.023616507	3
-4.286260045	-0.4897336632	3
-5.801840653	-11.49186331	3
2.789088804	-3.143663398	2
0.136450501	9.354171513	2
-4.938323525	-5.086289268	3
-0.01471760089	10.0805723	2
-0.9565988845	7.046365272	4
1.934475923	-0.005931765598	1
6.773543338	-2.475949065	1
-3.464052858	5.277349419	3
-5.815873017	3.955199365	1
-5.547794226	-9.946772195	3
-3.67043146	4.282231408	3
-4.162963431	0.6002310833	3
-1.24047323	1.654847072	1
3.269068478	-5.548172948	2
3.328872705	-0.7038031846	1
-6.324229891	4.241309549	1
-6.732259489	4.433217593	1
-5.311759153	-7.820920457	3
4.013276253	-1.080243336	1
-0.6526947103	5.173888446	4
1.097863453	4.720921287	2
1.435654292	3.207465455	2
1.108366169	4.631628898	2
1.260199983	4.103152096	2
-1.962405164	1.987916307	1
-3.772389383	3.200033211	3
2.421422447	-1.629011407	2
-1.605584738	1.816335644	1
-5.89944379	-12.04712002	3
9.53849323	-3.88573445	1
-5.570201645	3.858409333	1
1.124215097	0.4214072243	1
3.830127349	-8.330404562	2
-3.229005072	7.267643191	3
3.149032673	-0.6074104306	1
-5.072418577	-6.166599119	3
-1.146461556	8.246186486	4
2.016378182	0.478876286	2
-5.436185579	-9.242951778	3
0.2328483211	9.103230594	2
4.618745988	-1.379360941	1
