5.162709456	11.03012183	1
-3.406975712	8.7167581	2
-0.3226916235	0.3573094389	2
4.851671771	9.293495268	1
-2.925010896	7.418211274	2
-5.804442088	1.593759952	3
-8.142980235	0.7594476703	3
1.319531479	-4.104658459	2
6.844992405	6.186223597	3
0.9233159167	4.008133891	3
-2.942632404	7.447528144	2
-5.049023532	1.908273156	3
-5.191520689	1.923378384	3
0.7647205367	-2.60699461	2
-10.42631464	0.08253178542	3
5.30491549	5.210738865	3
-2.031405132	4.972243062	2
-1.924629052	4.736380912	2
0.8066187711	-2.719164995	2
-0.2897971944	3.532765274	3
2.458270952	-7.226292192	2
-0.8463894192	1.799722747	2
-9.154768082	0.383940758	3
5.419519532	5.328609852	3
-6.50562421	1.669598099	3
2.165336725	-6.41833596	2
-1.470429218	3.451335502	2
-3.51652482	2.337528263	3
2.149850561	4.11386034	3
4.117270745	4.92341593	1
-2.975837016	7.572190567	2
-2.157109778	5.350265833	2
3.229889154	-0.1071523995	1
1.788454427	-5.388812503	2
-1.79301689	4.356575224	2
-3.000285729	7.629532228	2
5.94613273	5.833498664	3
2.625632476	-7.687280965	2
-7.192219222	1.244826671	3
4.211628992	5.506529096	1
-8.356796722	0.5667974158	3
-1.167028999	2.600088061	2
-3.018131719	7.635891372	2
3.334927461	4.862183073	3
7.636404493	6.320674595	3
1.508088713	-4.648566016	2
3.814655055	3.12666137	1
2.478796232	4.481228428	3
-0.732279772	1.456058482	2
-3.623944221	9.315698994	2
0.5715207288	-2.051995275	2
-4.024082774	10.43583466	2
-5.172955786	1.83162357	3
3.688520752	2.502811493	1
-9.448825771	0.1212994743	3
4.167516072	5.262885479	3
-3.499064449	2.356662966	3
-2.134494381	5.262322127	2
-0.6172004488	3.162012498	3
-0.5130368057	0.8553011331	2
1.946025906	-5.862577776	2
4.25077374	5.145715782	3
-1.504847632	3.564346408	2
-10.49668805	-0.1768809476	3
2.325533786	-6.83061117	2
1.281053374	-4.00608925	2
-0.2014619187	-0.0008444284492	2
4.244615584	5.067528343	3
-2.597224275	2.862055339	3
0.5249486906	4.102305531	3
-7.655761406	0.8823670052	3
0.8347290196	-2.790149989	2
2.447606475	-7.203901249	2
0.2717660473	-1.248246803	2
0.2857527557	-1.284108712	2
0.8555899178	-2.863112516	2
1.541445928	-4.7153492	2
-6.831551704	1.435442171	3
1.353827376	-4.238227308	2
-1.109708706	3.24719507	3
-7.011685934	1.140456252	3
-5.480392796	1.465345375	3
4.258749312	5.583470586	1
-3.073611588	7.780813576	2
1.505682275	-4.59323747	2
0.09248189809	-0.7429298242	2
-1.945473094	4.741475478	2
-3.472660568	8.870338682	2
2.970969516	4.561138365	3
0.8112110955	3.747898257	3
2.548053235	-7.421608959	2
-2.09936127	5.158249572	2
1.956761911	-5.872502013	2
4.467322811	6.976597647	1
1.244336228	-3.896292861	2
-1.25549257	2.85462515	2
-1.742640229	4.233070413	2
-2.901949933	7.379531005	2
-2.421033504	2.832516918	3
-0.1679445457	-0.04658227808	2
-2.475345635	6.209924054	2
-1.16261392	3.226259336	3
-4.950678275	1.832372177	3
-2.668956805	6.702443826	2
-2.905738239	7.395087964	2
-1.508176401	3.51959003	2
-9.942423648	0.08432016458	3
-1.92244101	4.743542571	2
6.654475046	5.712087565	3
-3.688354708	9.432557071	2
3.915462367	3.833979561	1
-10.55715844	-0.1192439041	3
2.624745509	-7.634593789	2
-8.635976507	0.7392781335	3
-0.4081410878	0.5882035948	2
0.3739035055	-1.508296442	2
-3.229714233	8.248410582	2
1.632363998	-4.938211717	2
-10.62562393	-0.1872249093	3
3.233012602	4.606414227	3
-7.62166672	0.9153937197	3
0.7661478603	-2.622818312	2
-1.711437346	4.090669523	2
2.253234978	-6.708443645	2
-2.615962353	6.528136152	2
1.502268441	-4.581282529	2
4.012423934	4.284263039	1
-9.070136366	0.6218101756	3
0.7817846381	-2.645951256	2
0.4510773494	3.709354335	3
2.307341729	-6.797502737	2
-2.129490456	2.846844761	3
-1.697914215	4.044440776	2
-1.203814	2.776617074	2
-3.550178622	9.122222125	2
-5.627431792	1.597257511	3
1.837026561	-5.518543295	2
-1.956600694	4.766358388	2
0.8193208632	-2.744957072	2
-3.364047575	8.647898789	2
-2.97563274	7.584902756	2
-3.630980908	9.349906316	2
-2.976570149	7.612090272	2
2.662467453	4.616415453	3
-2.775016144	7.042043723	2
-8.047122592	0.7422809111	3
-3.228837708	8.293444448	2
4.465214002	0.672617499	4
6.203054145	5.809820099	3
-2.469537524	2.90623824	3
1.985087854	-5.932223474	2
1.693811075	-5.163914653	2
5.513537556	5.648373664	3
-3.283945407	8.453723658	2
-1.992458512	3.089397561	3
1.327126483	-4.132866317	2
2.521746062	-7.40400569	2
2.038492117	-6.119099148	2
-0.4594994847	3.373082248	3
-1.648741479	2.96108403	3
-0.4943767392	0.8137223473	2
6.650845435	5.978816657	3
5.473098685	5.663979221	3
1.494451749	-4.57503653	2
2.240850489	4.68005602	3
2.807130715	-2.666990246	1
1.646160197	-4.990695314	2
-0.2526318523	0.1689181636	2
1.660533433	-5.047773859	2
2.388756055	4.372569203	3
1.100663955	5.345974564	4
-6.114927429	1.285521816	3
-0.6450007354	1.209622378	2
-0.06163443624	-0.4424836951	2
-3.414854082	2.520224141	3
-7.082017364	0.9864756656	3
-6.095900571	1.587359903	3
1.69196221	3.893080424	3
4.223195159	5.135101106	3
-3.978878637	10.30114637	2
6.357493609	5.864317612	3
2.624520023	-7.668514672	2
-3.647056654	9.380744709	2
0.9837270316	-3.170480349	2
-2.747554043	6.916884162	2
-10.91425296	-0.07610939554	3
3.389647429	4.974141314	3
-3.0573275	7.803992715	2
-5.085909126	1.7933549	3
-2.199327864	5.413297726	2
7.759036848	6.260665859	3
2.0166882	-6.040574092	2
2.293485981	-6.79908558	2
-0.2409324032	0.1516635563	2
-1.412633913	3.316179225	2
-3.959583853	10.24336529	2
0.2970803153	-1.319617324	2
-2.641767928	6.63870877	2
-1.606897816	3.831503352	2
-0.8987568614	1.941127863	2
