-13.70163692	1.070682643	1
-15.74419391	3.042614306	1
-12.07580218	-0.6166584114	1
-17.89910063	5.11850903	1
1.249172976	1.85378777	2
-10.90334796	-1.891265898	1
-18.18475875	5.446852246	1
-13.95379645	1.235548683	1
-3.681202425	5.012729113	2
-18.51989235	5.811344865	1
9.675340316	-3.510213824	2
-10.7791541	-1.918229266	1
-11.29516554	-1.504759157	1
-11.03903599	-1.786510064	1
-16.95612697	4.264439097	1
2.141325278	1.315006476	2
-20.11632044	7.503258084	1
6.249995924	5.156174513	3
-6.095415353	6.848427149	4
-17.03167742	4.266765111	1
-20.5425822	7.760803254	1
-3.907727795	1.123821749	5
-0.3303504146	2.861939322	2
6.299970585	-1.385037363	2
-14.72789647	2.065068877	1
-20.09470555	7.338276545	1
-17.94227924	5.201246538	1
-6.049112543	6.5045223	2
-8.642165127	-4.141097847	1
0.6201248476	5.393532713	5
-2.39153903	2.543400772	5
-8.637804501	-4.03340792	1
-9.151043602	-3.446184115	1
5.806380746	10.34714194	5
-18.24252734	5.6422346	1
0.2026238409	5.068487175	5
-7.194120872	-5.600960869	1
5.206808171	-0.6869567937	2
-15.62621547	2.938691655	1
-18.86254029	6.178202953	1
-10.44715563	-2.221179361	1
-5.02674343	0.03606800761	5
-5.811912017	-0.8065787605	5
-10.16396551	-2.550044422	1
-12.27419156	-0.4859075556	1
-13.24193197	0.5359342482	1
-17.11120935	4.578704759	1
-8.96933507	-3.610653392	1
5.763678078	10.34758489	5
-15.88285395	3.171139673	1
-14.18123924	1.588784876	1
-8.239621746	-4.409130714	1
9.915148852	-3.694084555	2
-3.343316684	1.724178192	5
-12.57616642	-0.1779493353	1
-17.46266769	4.689144423	1
-20.69398281	7.93535814	1
10.17122483	-3.851881763	2
-7.612966163	-5.144580155	1
-14.63234226	1.986583442	1
-1.033875	3.306741356	2
-8.480914445	-4.292103675	1
-17.1997171	4.365709715	1
-9.651035217	-3.05778902	1
-8.876969371	-3.905618175	1
-19.77671615	7.142055423	1
-10.96835934	-1.638862928	1
-5.579651994	9.345856403	4
1.59341547	6.425701642	5
-11.68614182	-0.958929438	1
1.01446538	2.019960545	2
1.620516317	1.610757903	2
-19.96236733	7.284006098	1
-2.465415621	4.202913606	2
-7.489146095	-5.146052671	1
-11.15455372	-1.558544091	1
-16.98496595	4.179962564	1
-12.45676288	-0.1625500485	1
-16.59773529	3.895793769	1
2.219800894	1.214043494	2
-1.293483854	3.668003788	5
-17.7326766	5.063029684	1
-3.428414343	4.844424689	2
-0.7534851135	-5.747423348	6
-20.68817427	8.040449474	1
-15.7600423	2.982524093	1
-11.96877142	-0.7551024649	1
-7.188619425	-5.573869827	1
-17.54639972	4.898517209	1
0.7843885948	2.163793377	2
-17.64643369	5.008926156	1
-10.58167899	-2.132559704	1
-10.6668967	-1.999172832	1
-15.02284831	2.377120913	1
-10.64885495	-2.001876002	1
0.01584548395	4.934662543	5
2.030690927	6.829482846	5
-8.597244121	-4.065694276	1
5.704362395	-21.61238103	7
7.38878884	-2.062194568	2
-8.513295196	-4.287456203	1
-1.844324236	3.120847738	5
-9.991335062	-2.667693207	1
-11.47571978	-1.246525927	1
2.247652984	1.212168215	2
5.972057737	10.65393932	5
2.498295266	-1.269222583	8
-16.40737128	3.777578374	1
6.73437007	11.25452781	5
-13.26285486	0.5672760138	1
-6.283426164	6.651939392	2
-12.30675374	-0.3569214679	1
-14.01649002	1.279713979	1
0.5214853371	-0.3997052973	3
-15.34878643	2.554446021	1
-11.90220093	-0.8478027416	1
-20.02842582	7.270640357	1
1.115640337	1.919478582	2
3.827905601	0.1858500318	2
-9.737954825	-2.972317002	1
8.809246704	-2.985019404	2
9.676286544	-3.555621976	2
-0.8587762638	4.095483634	5
-7.066440599	-5.6328507	1
5.061234947	-0.5697128942	2
4.293767744	8.985100587	5
1.388264158	1.782364924	2
-11.30219245	-1.520067042	1
-14.26410678	1.676098031	1
-9.99020506	-2.823175801	1
-8.018524207	-4.621127418	1
-4.584735968	5.583119432	2
-5.081817702	0.04965759877	5
4.230079482	-0.07818528798	2
-16.58368293	3.780581592	1
-8.460977768	-4.263748631	1
-17.59160238	5.010989824	1
-19.4019524	6.70448363	1
-4.792732476	14.13338815	4
-6.066772472	-0.9731571166	5
-6.953545952	-1.83714178	5
-18.65866728	5.987138847	1
-15.54045949	2.815030666	1
5.757691955	-1.037479188	2
-13.73685314	1.019871894	1
-16.10833194	3.323782265	1
-10.40891317	-2.343270373	1
-12.72104773	-0.1235734061	1
-1.664997401	0.8125796329	6
-0.06158351655	2.687625801	2
-14.44019466	1.622334856	1
-19.05155973	6.255319787	1
-14.37523928	1.742500309	1
-13.51003883	0.78328362	1
-10.73968682	-2.004021008	1
-2.906529726	4.502612027	2
-8.697945262	-3.974172272	1
-2.191167593	3.999989261	2
-4.294637895	5.41209745	2
-18.50845421	5.794667861	1
-6.905640328	-5.749708918	1
-17.2922534	4.588725775	1
-13.73250624	1.04237581	1
-12.62576177	-0.03562764888	1
-11.57370323	-1.293457266	1
-17.55315514	4.85610857	1
-11.75803342	-0.8831008777	1
-13.56695549	0.9752034158	1
3.617560424	0.3512764251	2
-12.36761197	-0.3610595645	1
-19.6456418	7.010115312	1
-6.456704484	-1.384263451	5
-14.85396165	2.392635622	1
-4.786917095	0.2385624565	5
-6.164988399	-1.002670631	5
-12.47145801	-0.2495783004	1
-15.82343424	3.213664134	1
-20.77716914	8.056043392	1
10.47389643	-4.032530718	2
-13.87742725	1.175811992	1
-8.459539459	-4.231335621	1
-6.978261499	-5.490636265	1
-8.592021228	-4.1060282	1
-9.422392197	-3.256245049	1
-1.597840351	3.658847561	2
0.9830117313	1.991240182	2
2.829916996	0.8631017192	2
-16.40808537	3.516671693	1
-7.262837407	-5.342380518	1
12.67367016	-15.72473007	7
0.5828451529	5.476111655	5
-3.353199511	1.683599784	5
-11.86232595	-0.8082115428	1
-0.7436576676	3.136817502	2
-12.2493497	-0.4622771473	1
-19.06075532	6.566257963	1
-7.180054108	-5.47893086	1
-7.081453774	-5.651582476	1
-15.01866218	2.43854335	1
-9.775841631	-2.815827607	1
