-5.539641492	-4.477423526	1
4.065014168	6.046573563	1
1.986815516	3.772963083	1
2.222099505	4.049848087	1
-3.772443275	-2.519144412	1
2.654500745	4.561912757	1
-0.1947526658	1.368565212	1
5.938204927	8.097918922	1
-4.331418332	-3.113837927	1
-4.874354803	-3.658879492	1
-2.180437726	-0.7645561994	1
-1.477305686	-0.02364672035	1
-3.718528231	-2.330993734	1
-5.941171148	-4.872820602	1
6.150163508	8.302697575	1
1.269540562	3.001937122	1
4.694107526	6.64910053	1
-4.957997765	-3.869947083	1
0.266192406	1.878624723	1
-4.480476666	-3.344073812	1
3.69678811	5.639887369	1
-0.5602040016	1.010326347	1
-3.35552001	-2.081006921	1
-10.64489091	-4.952331802	2
4.659505236	6.659395737	1
-0.4864998981	1.02055086	1
-5.533677253	-4.41513612	1
1.186468289	2.933886502	1
0.4587699165	2.12009388	1
2.695674637	4.566476323	1
2.175548448	4.030091949	1
2.936965618	4.857780157	1
2.941590225	4.811310898	1
2.131235295	3.955174519	1
1.789932535	3.561944907	1
-5.248693259	-4.126981887	1
2.601846317	4.420010486	1
2.811403179	4.671203764	1
-4.051008363	-2.89477537	1
4.603658273	6.670142214	1
-3.786829022	-2.54200815	1
-1.316737376	0.15433798	1
-4.021140496	-2.788509228	1
-4.694863453	-3.514818996	1
0.2550951756	1.85824351	1
-6.635421672	-5.639120028	1
0.5515969512	2.175253625	1
-2.503497524	-1.149715305	1
4.421956589	6.412339043	1
-2.469551406	0.7001307847	2
6.555784299	8.789659957	1
3.796913949	5.779533739	1
4.122438285	6.0501414	1
-1.487675754	-0.01213864341	1
-0.1712104173	1.369547218	1
1.280345521	3.013173108	1
5.456130799	7.500188566	1
-3.221818529	0.2186982926	2
-3.559821089	-2.316178616	1
0.4937051329	2.134768403	1
1.808217835	3.52473984	1
1.514776554	3.227226978	1
5.593865803	7.640666885	1
-4.203075207	-3.005435826	1
1.374854431	3.123695771	1
4.78720304	6.799899346	1
1.959820729	3.776281565	1
-2.027957523	-0.6152853112	1
-0.3407173518	1.229058688	1
1.263526321	2.991643466	1
-6.361557357	-5.33428247	1
-3.86284803	-2.587219287	1
2.036999924	3.87080657	1
-2.4564745	-1.064141057	1
-6.437500265	-5.387674149	1
2.718896954	4.530098583	1
-2.870667627	-1.499520641	1
5.934736177	8.073815752	1
-1.087373588	0.4164309505	1
-0.6017126878	0.9210184093	1
2.46511252	4.302182354	1
-1.323541946	0.1161539979	1
-6.153216597	-5.071505581	1
-3.978942158	-2.694012567	1
-3.61032768	-2.399099631	1
-0.6925392907	0.8460332314	1
-2.374475742	-0.9622826557	1
-10.19015161	-4.620920152	2
4.829052005	5.798795255	2
-5.004315483	-3.900988742	1
-5.634537448	-4.568023434	1
3.257742295	5.207329539	1
-0.03067256674	1.667033369	1
1.379554101	3.153303316	1
-4.447702018	-3.230301836	1
3.246668714	5.130674631	1
-5.908430137	-4.799115038	1
-0.1476889468	1.474387283	1
-0.2042894545	1.395340901	1
-3.86935096	-2.603606138	1
-4.750527697	-3.552061796	1
-4.681921684	-3.533730717	1
-6.31260383	-5.323706982	1
-0.9915957386	0.4989876277	1
2.644126548	4.259811661	2
1.799665848	3.623488986	1
2.066817667	3.834732286	1
-2.330757413	-0.9840375474	1
-0.8605881162	0.6947922891	1
-0.2654299943	1.295785261	1
5.697503167	7.794713677	1
2.907262305	4.809129962	1
3.033637362	4.913442091	1
2.659420409	4.507901237	1
5.633832608	7.727007964	1
1.777263259	3.576575222	1
2.934127337	4.842370018	1
-6.462583803	-5.454639398	1
9.238700878	13.18977802	3
-5.915392854	-4.903727631	1
1.002765162	2.666396955	1
-1.777056379	-0.3323804504	1
-3.755578762	-2.496438477	1
-8.28626335	-3.3391696	2
1.689203787	3.431069806	1
6.116643654	8.268406638	1
-1.317560678	0.1488064548	1
-4.175475756	-3.041081368	1
0.7424353893	2.348868326	1
-4.514435157	-3.268458325	1
6.464225009	8.615357275	1
-6.041160087	-5.012359925	1
0.1280674936	1.810161723	1
-2.649476221	-1.298510104	1
18.87502317	15.71510271	3
0.07309028835	2.480064332	2
0.4323786309	2.050015668	1
-4.696705468	-3.441859085	1
2.195108516	3.943828026	1
-3.164170102	-1.922308838	1
2.561181135	4.383996002	1
4.168132236	6.224502791	1
-4.986312696	-3.824536846	1
4.286830583	6.277584772	1
-5.453905793	-4.42879056	1
-1.962951411	-0.6004882741	1
5.157132634	5.971642108	2
2.691022511	4.52332109	1
4.292804877	6.334065044	1
4.505486438	5.514336293	2
2.904241447	4.802681337	1
3.958889771	5.168083145	2
-4.636165802	-3.458771233	1
2.690795322	4.600460343	1
4.988819767	7.139754004	1
-0.1080655954	1.424151655	1
-3.286173118	0.1595438339	2
-6.36724619	-2.04151505	2
0.06647131642	1.685948027	1
-3.729455059	-2.469190322	1
-1.835330271	1.140602795	2
5.187499548	7.285599869	1
-5.383947817	-4.267476679	1
1.005236716	2.70448615	1
3.176139923	5.064214547	1
3.641867363	5.55579737	1
5.518375211	7.641387287	1
0.3845686523	2.027560701	1
-5.524754513	-4.448553145	1
5.586686444	7.67620632	1
4.867075919	6.933964502	1
3.873011209	5.800924519	1
-1.348931048	0.1059180013	1
-7.267607612	-2.583144979	2
2.476695771	4.273312009	1
-1.722623317	-0.3343244774	1
-1.933134812	-0.5102380259	1
-3.683545051	-2.442946468	1
1.181966625	2.867968035	1
2.222271864	4.014462263	1
-5.058714963	-3.879691018	1
4.334836739	6.41595752	1
6.45385425	8.631403433	1
4.318150322	6.382693189	1
-6.023643566	-4.979897314	1
3.325136046	5.239729475	1
3.640786226	5.583039688	1
2.547510446	4.393340546	1
5.778797651	7.885326487	1
-0.4184076592	1.104437343	1
-5.246616414	-4.113773145	1
-2.674567346	-1.309464206	1
3.570986248	5.568317452	1
4.709812797	6.733632851	1
1.221787337	3.006578122	1
3.797860695	5.736655902	1
-4.444169612	-3.296703851	1
-5.274519311	-4.129444343	1
3.146035628	5.035097181	1
6.109095708	8.274241505	1
