9.28093186	-0.1669487684	1
5.283836765	-19.20619817	2
0.1892118068	-12.68224683	3
-4.826802448	-15.63571085	3
0.4425776081	-14.5509164	2
7.902728285	-0.2896769178	1
-3.043467458	-1.134955154	1
-9.040689622	-1.665742612	1
6.880394143	-20.72766302	2
-0.8840338589	-13.25484902	3
-4.045747298	-10.15020252	2
-0.7282055999	-0.9350056267	1
-16.28926394	7.313473415	4
-5.153693464	-15.85811815	3
8.037656685	-21.75841839	2
9.601818157	-7.052601064	3
-5.506551327	-16.09404747	3
6.466991474	-8.964648863	3
7.103133175	-8.522093532	3
0.09592852914	-14.18988128	2
-5.235053109	5.212565336	5
7.65902167	-8.217764973	3
3.722562607	-17.47666001	2
6.84899395	-8.746998021	3
7.960199937	-8.040008103	3
5.710437497	-9.389899031	3
-5.86213624	-16.28331817	3
-3.746578005	-8.495589854	6
6.956113738	-0.3479521107	1
2.506170441	-11.2780097	3
5.674059144	-19.51162894	2
3.772057789	-17.75881645	2
-2.035745005	-13.9700475	3
-2.526927284	-14.25449648	3
1.452806551	-11.90192652	3
-4.25505318	-10.03662263	2
7.957714076	-21.65346944	2
6.391880121	-9.047174369	3
-3.376595496	-10.92136245	2
10.42987223	-4.009582045	5
-3.589207012	-14.89330226	3
6.642143633	-8.747113501	3
7.007519769	-20.70393929	2
-7.939881483	-1.538890876	1
6.039251551	-9.137064752	3
1.185997706	-12.1172382	3
0.03062407334	-14.11956296	2
-2.956511696	-14.54480271	3
-2.297064709	-11.77747985	2
0.1547821005	-14.23890949	2
-1.16902207	-13.64263405	3
1.654993579	-11.84587733	3
7.758986596	-21.40152369	2
-2.426944164	-11.75470361	2
7.32074078	-8.466512652	3
1.453891447	-11.91345773	3
-4.021132069	-15.2600747	3
3.716019388	-10.63970052	3
-6.781995625	-16.88435305	3
8.423614269	-7.722398089	3
6.083323906	-19.94372096	2
8.738931607	-7.605559053	3
-5.206363738	-15.85622389	3
-0.8000821729	-13.23182758	3
1.540460894	-11.91440167	3
5.738475766	-19.52991977	2
1.398067236	-11.97915114	3
9.411429753	-7.18932289	3
3.186125927	-17.07251184	2
6.371236533	-8.997889916	3
-5.152964186	-15.85744193	3
1.759446899	-11.84000363	3
-1.837827614	-13.93776063	3
-5.677749967	-16.20358238	3
-3.53199011	-15.00775573	3
-4.185453249	-15.30297707	3
-4.352420124	-15.36361224	3
0.4711044939	15.4190063	7
6.877406614	-8.702415029	3
2.845321154	-11.00613468	3
7.558111167	-8.323259609	3
0.1880759818	-12.7376443	3
0.150037961	-14.18659916	2
-8.325418681	-1.538463329	1
2.962259907	-0.700243922	1
0.282329304	-12.61625126	3
7.287305043	-8.459470092	3
8.49310359	-0.2563373033	1
1.52254837	-11.92023132	3
7.539106822	-8.204823634	3
-0.7085082608	-13.22376347	3
-4.244995178	-15.38868162	3
-4.590139003	-15.45624401	3
6.966812723	-8.606653024	3
-3.248577444	-1.208375263	1
-9.079279886	-1.602358444	1
-1.107484246	-12.94802414	2
4.615979954	-10.11065668	3
-1.835998093	-1.092581772	1
4.298607856	-10.21773845	3
-0.9617533036	2.727864406	5
-3.975223825	-15.20178677	3
-6.480117138	-16.87607033	3
7.514671906	-0.2948330021	1
0.1312929621	-12.77186267	3
3.807587418	-17.67354909	2
-1.917285753	-14.08077497	3
0.9516150777	-14.90372088	2
0.9065959041	-14.96346301	2
3.059298934	-16.99556756	2
-6.181107644	-16.50950484	3
6.603268654	-8.821917838	3
5.066156853	-9.802366649	3
-6.062912279	-1.400973497	1
2.640147765	-11.21652899	3
4.806522933	-9.942122569	3
-2.178672994	-1.064077593	1
2.061617285	-0.7384635667	1
8.597349486	-7.589471574	3
6.331151431	-9.008708191	3
2.200499537	-11.57815091	3
-1.79216848	10.68442125	7
5.344033575	-9.7238775	3
-6.633252077	-16.85676297	3
-7.357910865	-1.524340622	1
3.101289697	-10.99843664	3
3.113888289	-10.91499343	3
-1.805968126	-13.97106604	3
-5.739851366	-8.616478984	2
1.185877206	-12.18839327	3
-3.409740008	-1.217968762	1
-7.621319932	-1.535587066	1
8.423584832	-22.10784879	2
1.151870895	-12.10851249	3
3.280300044	-10.82057288	3
5.583005459	-9.428734314	3
4.693767459	-10.02499729	3
6.353010715	-9.085160046	3
7.157526853	-20.83345171	2
-4.40848582	-15.44677748	3
-0.7486981974	-13.26971627	3
2.717825403	-16.61707208	2
5.571107872	-9.4825734	3
9.397422638	-0.157547461	1
0.1110687411	-0.9278184366	1
-1.89372725	-13.84598201	3
6.907286589	-20.67271244	2
-2.654413038	-14.24919981	3
-4.076463581	-10.22980573	2
-5.535421535	-8.821568258	2
1.030372201	-12.20815312	3
6.540508937	-20.34129251	2
0.3098395908	-0.9039575628	1
-7.882534315	-1.588007988	1
-3.315200717	-1.206145051	1
-3.233590939	-14.68711871	3
2.012557194	-15.99447505	2
2.076150529	-11.68736836	3
-1.557414625	-13.76478202	3
3.665007977	-17.59120989	2
-1.78875707	-12.4741885	2
4.775066927	-9.963598985	3
0.03003652147	-0.9365088083	1
1.068419431	-14.97619753	2
-3.231395105	-1.161593009	1
-1.634571476	-13.85814359	3
2.227899722	-0.7643603795	1
0.228850813	-12.63525596	3
-7.10168843	-17.23234507	3
5.057744049	-18.86505719	2
-5.99964651	5.661470301	5
-8.318635562	-1.594363948	1
-4.399991174	-15.45092814	3
-4.041135839	-15.34105634	3
7.970638159	-0.2531230535	1
-8.326941442	-1.597253762	1
5.456258723	-9.434911236	3
2.485734805	-16.42379715	2
-0.4455912953	13.39547762	7
8.033632781	-8.03658332	3
-2.522968792	3.593771923	5
-3.289929295	-14.84940033	3
6.198440794	-20.05745408	2
3.329262767	-10.72148857	3
-5.372935055	-15.99332527	3
-4.35354293	-15.40873711	3
4.688970609	-18.55919766	2
4.58920682	-18.50815843	2
-0.1748518702	-0.9329787207	1
0.1796234784	-12.67075034	3
0.08462281114	-0.9254677798	1
-0.1574692854	-14.0783407	2
-2.132976312	-14.1164193	3
-0.5840573096	-0.9689732744	1
-2.235890365	-11.93086413	2
4.812996093	-18.79752896	2
2.657128453	-16.60618919	2
8.201913054	-0.2605464858	1
0.8075506443	-12.39222097	3
8.201861486	-2.736858434	5
