2.00105058	-9.256328331	1
1.915664267	-2.847418929	2
-1.746313322	5.261817869	2
-6.217938645	5.903743361	1
-0.3671675816	-4.826753565	1
0.890451966	-7.18606339	1
-3.00153921	0.01348741556	1
0.02178671646	-5.576929671	1
1.7480265	-8.848529997	1
-2.235957034	-1.413902485	1
-1.5493288	-2.645955001	1
-1.759064948	-2.187708214	1
-5.422139494	4.538881353	1
-6.284623072	6.061376735	1
-4.185270089	2.303928511	1
-0.6674267762	-9.418330119	3
2.911258822	-10.85184017	1
1.295135026	-7.965844605	1
1.667829862	-8.682444281	1
-2.992828533	-0.02465417895	1
-3.891764689	1.693578115	1
-0.8313884696	5.7525367	3
0.3462739962	-6.158662139	1
2.342795986	-9.864046935	1
-0.515259076	-4.576380481	1
2.855973914	-10.84206719	1
0.771966722	-6.998196272	1
-0.768592165	0.5203811324	3
-6.062880166	5.736437795	1
-4.038637055	1.960725857	1
-0.7984328881	3.177113485	3
-2.828847483	-0.2895854317	1
1.417049	-8.226175004	1
-4.964964022	3.619502847	1
-1.374405106	-3.003491586	1
0.3246439777	0.6846755837	2
-0.1560972617	-5.22987668	1
-4.528230347	2.813965604	1
-5.833229677	5.222585056	1
2.903764294	-10.89401994	1
-1.639176628	-2.475060181	1
-0.1034170458	-5.301608372	1
-5.897346684	5.385616124	1
-3.524539411	0.9067226314	1
0.05790742579	1.264266886	2
-4.359196179	2.563310531	1
-0.844337991	7.365012717	3
-4.820216384	3.368570676	1
-1.16019282	-3.363914122	1
-1.015983402	-3.547058969	1
-3.963971839	1.762062608	1
-1.109813715	-3.550508502	1
-2.519758569	-0.893002152	1
1.259104627	-7.869058825	1
-6.282146851	6.130562348	1
-5.12079613	3.946136602	1
-6.326598435	6.175702746	1
-4.068747027	1.986501366	1
0.2382528197	-5.944667606	1
0.4169851707	-6.2815943	1
0.2817655026	-6.085891876	1
0.95742204	-7.279851602	1
2.14223949	-9.484724497	1
-2.084800648	8.899672553	4
-1.9093345	-2.02511791	1
-4.155077702	2.175547878	1
-6.200060054	5.876531287	1
2.490181534	-10.17285426	1
1.686563831	-8.627051467	1
1.651824152	-8.573308	1
-4.227911895	2.310867683	1
-5.634160075	4.842412231	1
0.7650233781	-6.95570348	1
0.6921892459	-6.829311817	1
0.9985972765	-0.8716424412	2
-0.6341533909	-8.591094544	3
2.234157723	-9.712616861	1
-1.444140402	-2.901981615	1
-6.354211813	6.247312581	1
3.707971054	-6.832955031	2
0.9838396258	-7.389748748	1
-3.368640741	0.6725344769	1
-0.6274241519	-4.373409585	1
0.9292840571	-0.6640640852	2
1.96241843	-9.210761103	1
0.7393467892	-5.03559627	4
0.1280113329	-4.833930926	5
-0.6817745049	-4.227946867	1
1.839970297	-8.931217465	1
-1.309477025	-2.966967287	1
-6.334664131	6.122370942	1
2.217860899	-9.64645203	1
-1.135017112	-3.379055184	1
-4.869646318	3.526201723	1
-0.8153526328	3.182734062	3
2.169736896	-9.59878633	1
0.6694642391	-6.807128481	1
-0.9644562689	-3.802612374	1
-2.393552827	10.26178176	4
-3.130649972	0.2655120486	1
-6.357617557	6.252803043	1
-3.966107142	1.805850853	1
1.398446898	-8.163624416	1
-2.375217662	-1.087571017	1
-5.377449829	4.425912123	1
2.763124524	-10.70051818	1
0.8820232268	-7.092030169	1
2.277900959	7.268842812	5
2.109996684	-9.407674008	1
-3.764951067	1.40953264	1
-6.043707231	5.563716708	1
-0.6323324449	-11.23101474	3
-4.815993817	3.346345192	1
-2.843849389	-0.2255518569	1
2.148135857	-9.499152681	1
-4.087289849	1.998501597	1
-0.6373712478	-11.08416907	3
-2.3508666	-1.16856676	1
-0.06794881808	-5.419267952	1
2.950043971	-10.91618123	1
-3.893320699	1.679842821	1
2.541341222	-10.2560427	1
-0.6544731229	-9.439402212	5
-5.417849115	4.449478014	1
-1.88127068	-2.023836461	1
-0.1317988297	-5.280453944	1
1.95239509	-9.196568072	1
-6.043657693	5.620545834	1
-4.805267222	3.317665165	1
-3.59187303	1.065279111	1
-5.625774763	4.850421504	1
-1.647527861	-2.368901199	1
-2.775528261	-0.444356179	1
-6.162882678	5.852711481	1
-0.762925019	-9.898559271	5
-5.841508943	5.301875524	1
-3.048455949	0.06553760044	1
-0.9885972042	-3.709668132	1
-0.681154945	-6.692426017	3
-1.878857293	-2.065806448	1
0.5607669139	-6.600753949	1
-3.97895365	1.875575234	1
1.690053639	-8.657791336	1
-2.082018122	6.009389233	2
1.276274522	-7.924189752	1
-0.241858419	-5.098798159	1
1.681123354	-8.648342607	1
1.317307833	-1.523484351	2
-2.418698208	-1.033204006	1
-0.6894686509	-4.312620899	1
-3.268241144	0.450541444	1
0.6788207737	-6.718175802	1
-4.473582328	2.762433164	1
2.447234325	-10.06824963	1
0.01783948112	-5.520946199	1
0.5701221558	-6.604052275	1
-0.8046652321	2.740943451	3
-0.0869032426	-5.306671268	1
2.445501142	-10.04282273	1
-0.0554250286	-5.493670759	1
-0.7009256738	-5.111943828	3
1.851828034	-8.982081923	1
2.85242585	-10.83092489	1
-5.048737025	3.803260196	1
-3.257885278	0.5595925437	1
-0.3849980593	-4.859027009	1
-5.137421174	3.91456551	1
-5.029666107	3.761348892	1
-4.922615509	3.565709316	1
-0.7318523335	-4.216351468	1
-1.397432785	-2.949992475	1
2.401280931	-10.01316774	1
-1.887321622	-1.968155105	1
-2.378439707	-1.131151325	1
2.359372032	-9.978610701	1
-2.888912454	-0.1793096127	1
-1.031867213	-3.638770811	1
-5.163541828	3.984716463	1
-4.710585557	3.15663809	1
-0.7343520896	-2.982396404	3
-1.730977631	-2.355801101	1
-0.7757064008	2.59187146	4
1.39957942	-8.061192614	1
-0.7688033369	-0.4626621545	3
-4.277561014	2.361287026	1
0.1187925545	-4.930901733	5
-0.9106107595	-3.870766918	1
-1.635287892	-2.512730541	1
2.157190285	6.732064365	5
-4.628704287	3.124950104	1
-2.612403571	-0.7531343106	1
1.116423639	-7.609275714	1
2.867478098	-10.82691443	1
0.8707065571	-7.150584538	1
-0.7151663825	-3.841760976	3
0.6344978838	-6.689034527	1
-5.728248417	5.045187073	1
1.337950911	-1.550015717	2
2.543825481	-10.20339335	1
1.240620092	-7.868741534	1
