-2.838560131	8.681789695	1
-1.26150603	-0.6407489248	1
15.96718838	-6.074109512	2
1.335208162	-0.7478307028	2
6.2141065	-2.529447576	2
-1.579488787	1.030230577	1
-0.6763121566	-4.227126465	1
15.66869077	-5.96453792	2
-1.40298561	0.216787299	2
2.872347939	-2.686462811	3
-8.276714682	2.673998044	3
-1.264148599	-0.5780937196	1
-0.1623599279	-7.160632426	1
0.01500908156	-8.273383757	1
-6.583197597	1.861364262	3
-5.045840415	-7.483691883	4
2.73863681	-2.622159693	3
11.93657513	-4.614265117	2
-0.6882902923	-4.183884175	1
-2.200186865	4.780574959	1
-1.434255563	0.2262072437	2
9.594973437	-3.752365076	2
10.57715796	-4.107734136	2
-2.464283726	6.479805219	1
-1.762406893	2.137663159	1
15.67686239	-5.976395154	2
-0.4309935681	-5.801328002	1
-1.342486619	-0.3097234537	1
-2.604408855	7.236083007	1
12.65301026	-4.86032417	2
3.264764454	-1.454241038	2
-2.901786599	7.435901874	4
-5.085516062	-7.893682986	4
-1.864573904	2.88898936	1
-1.48386866	0.4074254478	1
8.037547351	-5.193458695	3
9.241690089	-3.623076515	2
-0.1477976618	-0.2136945994	2
-1.781718861	2.296140867	1
10.47974223	-4.098248145	2
-2.67992028	8.406581742	4
7.288628714	-2.912127362	2
3.865344667	-1.698219021	2
-0.063345484	-7.709522759	1
-4.81317302	-6.343199699	4
13.64290492	-5.214137584	2
16.09218782	-6.098628696	2
3.233753069	-2.872381184	3
-2.776865301	8.220151346	1
0.2983530021	-10.00586318	1
-0.2071794356	-0.1790497561	2
0.02580149424	-8.298467873	1
4.908496364	-2.076554176	2
-1.215846326	-0.9583960082	1
0.2355192496	-1.405826223	3
-2.333167897	5.605840437	1
-4.015263909	-0.3155275082	4
7.536416158	-2.993308915	2
-0.2925235443	-6.692401245	1
-1.703446165	1.962990626	1
-0.6535481475	-1.000373112	3
-1.025046196	-2.029257627	1
8.259933556	-3.277495368	2
-5.723741385	1.475884933	3
-3.576375664	0.4040855245	3
0.8315925615	-0.5908585959	2
0.6157736671	-0.507000318	2
7.138262922	-2.851332244	2
-4.733099058	-5.802038823	4
6.618577253	-2.705931613	2
-1.963566524	3.319670848	1
6.750247259	-4.540840258	3
-1.71358198	-0.4571015876	3
-1.629589514	1.510710533	1
9.618899731	-3.775950739	2
1.584109496	-0.8482452967	2
-5.276895717	1.23407477	3
5.380262957	-3.893458749	3
-0.3491178299	-6.172516289	1
-1.634481368	1.493197306	1
11.17817921	-4.330105838	2
6.184741145	-2.532239899	2
16.35035959	-6.220939309	2
-0.8129483202	-3.47029042	1
15.83286234	-6.00408071	2
-3.265126525	4.803329009	4
-2.583650769	7.060420587	1
-4.629112958	-4.621010049	4
-6.47881794	1.82910322	3
-0.4454823954	-5.730168892	1
0.1450509851	-9.066086222	1
-0.6658873082	-4.120635597	1
6.129044958	-2.517954924	2
5.568719781	-2.293828167	2
11.34744967	-4.389543026	2
-2.140467785	4.474527792	1
-0.4276691295	-5.664841724	1
-2.844702994	8.464106805	1
-1.363562605	0.228723641	2
17.04095571	-6.465309125	2
8.616938781	-3.376968746	2
-8.002202666	2.547880487	3
-1.719405517	1.72483737	1
2.513407159	-1.20564891	2
15.89656993	-6.036436443	2
-1.462110823	-0.5987232622	3
-1.407043779	0.2641465222	1
-7.095234557	2.136487749	3
-1.304367391	-0.4557057512	1
0.8002150091	-1.703737492	3
4.351191939	-3.399740793	3
-8.599843829	2.841606268	3
-4.246288259	-1.751872261	4
12.8084728	-4.940348983	2
-4.171483442	-3.057275652	5
1.901336261	-0.9829552181	2
-2.186682366	4.665669849	1
-1.54699935	0.8679933627	1
-2.648208094	7.430232356	1
3.615350959	-1.580962005	2
-1.1800747	-1.241685382	1
-2.901524746	8.920402061	1
5.380359795	-2.243145949	2
7.317413632	-2.930802263	2
-2.484137318	6.508122247	1
-0.9277613057	-2.72419401	1
4.46601709	-3.455685987	3
3.942359538	-3.208338874	3
10.96209557	-4.261313088	2
8.06371333	-3.191685508	2
3.905054102	-1.695693516	2
6.795415674	-2.735140693	2
7.953719922	-5.157159983	3
7.891441776	-3.148833075	2
-2.467461035	6.368545927	1
-6.526298733	1.843293113	3
-6.46281018	1.810154937	3
-4.698258571	0.9686363756	3
-0.2751462331	-6.381509029	1
-2.295312674	5.421755802	1
8.76794626	-3.454081359	2
4.892119646	-3.66088676	3
5.180227019	-2.139389379	2
-1.17547292	-1.221796685	1
3.121117064	-2.795814055	3
1.852755986	-0.9311159016	2
2.34763439	-1.118520263	2
9.742311806	-3.797293207	2
10.33413975	-4.013494754	2
10.56405234	-4.114608769	2
0.8459927963	-0.5974275379	2
7.305661844	-2.936350777	2
3.036215412	-1.362780771	2
14.07131569	-5.384916012	2
7.830515628	-3.107629796	2
-1.725494719	-0.4712819654	3
4.334492846	-3.389347216	3
3.913565108	-1.671427717	2
-0.1689653977	-7.324712874	1
2.264246359	-1.079792563	2
8.819397613	-3.479250063	2
-0.6609001465	-4.174426112	1
5.661303916	-2.335130172	2
0.2292480714	-1.39393971	3
-0.1018803487	-7.531415347	1
-1.22437278	-0.800248257	1
-1.845676549	2.833934282	1
-1.415592753	0.3137370958	1
14.93920109	-5.699408393	2
1.851269617	-2.190104024	3
6.59439666	-2.686459796	2
-5.983613151	1.580735226	3
-1.087416707	-1.735537872	1
1.10527801	-1.84252176	3
16.11531887	-6.124398286	2
-0.1852000983	-6.93690378	1
0.07118016182	-8.582813054	1
0.7220315794	-0.5387749467	2
14.50646382	-5.538229382	2
11.64765639	-4.493076504	2
-1.163181091	-1.246662887	1
-4.466809833	0.8655520452	3
-1.389286779	0.05885152971	1
1.935249908	-1.003989802	2
0.726628026	-0.5333054352	2
13.34749498	-5.127345689	2
-2.330369809	5.415945226	1
-0.3162489158	-6.345365369	1
-2.693696601	8.640034796	4
-2.43282511	6.135425991	1
-3.913036113	0.5888677105	3
0.2716856892	-9.905231057	1
5.207329194	-2.175698781	2
-1.487658761	0.5401355147	1
4.557077896	-3.498753171	3
10.80527017	-4.211290249	2
-4.035894264	0.6449778927	3
17.09033498	-6.475438581	2
-5.480047707	-10.68411939	4
-1.966086634	3.580961039	1
